6954
15996
23717
24425
25070
25780
28067
28604
29324
30030
30746
31455
32164
32881
33585
34106
34824
35535
36247
36965
37498
38203
38905
39445
40179
40893
41615
42329
43031
43741
44466
45181
45931
46614
47313
48249
48955
49662
50331
51030
51744
52449
53153
55021
55746
56444
57018
57720
58291
58996
59717
60821
61929
63028
63854
64963
66090
67205
68310
69419
70585
71692
72491
73616
74772
75916
77022
78134
79890
80890
81614
82320
83314
84352
85342
86330
87358
88395
89124
90118
91111
92144
93136
94125
95114
96182
96936
97941
98667
99666
100720
102517
103503
104507
105504
106491
107476
108592
109579
110564
111553
112538
113534
114521
115509
116554
117542
118529
119490
120395
121390
122381
123373
124403
126225
127224
128222
129087
130138
131136
132133
133132
134077
135070
136067
136884
137934
138923
139900
140893
141925
142930
143927
144739
145726
146727
147703
149495
150558
151407
152405
153383
154407
155386
156370
157365
158416
159412
160390
161384
162406
163388
164387
165385
166425
167446
168422
169434
170489
172339
173356
174322
175386
176510
177363
178342
179407
180500
181513
182553
183614
184667
185557
186548
187562
188609
189621
190647
191669
192728
193616
194638
196388
197398
198455
199449
200394
201382
202365
203345
204315
205303
206327
207315
208303
209291
210166
211164
212152
213140
