20343
39538
63571
64890
66201
67552
68877
70240
71710
73028
74352
75675
76996
78351
79718
81061
82383
83712
85028
86388
87751
89076
90424
91748
93083
94448
95815
97143
98508
99828
101146
102498
103864
105180
106518
107840
109158
110539
112011
113328
114649
115973
117291
118651
120023
121376
122709
124029
125352
126678
128089
129866
131660
133350
135034
136729
138434
140124
141820
143543
145230
146964
148765
150497
152250
153993
155720
157414
159105
160974
162663
164362
166046
167731
169437
171131
172877
174624
176378
178125
179866
181706
183399
185098
186796
188492
190192
191881
193578
195277
197004
198793
200557
202431
204169
205907
207642
209337
211054
212805
214503
216203
217892
219589
221289
223017
224770
226513
228278
230011
231776
233493
235198
236899
238591
240289
241993
243681
245380
247082
248865
250602
252378
254112
255858
257598
259293
260976
262700
264393
266094
267803
269513
271214
272974
274712
276448
278207
279945
281727
283439
285162
286864
288573
290267
291968
293674
295368
297084
298900
300632
302407
304140
305894
307619
309321
311023
312760
314482
316186
317900
319603
321316
323064
324809
326549
328302
330059
331815
333571
335291
336993
338692
340411
342106
343817
345521
347251
349081
350816
352605
354357
356105
357844
359587
361291
363010
364705
366402
368094
369788
371483
373194
374926
376677
378408
380151
381897
383629
385328
