5038
209362
413150
613493
813801
1014941
1215268
1415911
1616270
1816660
2016991
2217361
2417681
2617990
2818303
3018620
3218944
3646443
3696899
3709296
3710013
3710726
3711488
3712119
3712837
3713550
3714258
3714934
3715670
3716383
3717094
3717801
3718493
3719207
3719920
3720587
3721287
3721924
3722636
3723349
3724068
3724794
3726694
3727421
3728076
3728809
3729533
3730244
3731052
3731778
3732492
3733642
3734663
3735796
3736920
3738043
3739246
3740359
3741478
3742592
3743615
3744739
3745871
3746987
3748102
3749260
3750414
3751535
3753419
3754430
3755467
3756415
3757411
3758419
3759459
3760456
3761302
3762320
3763353
3764354
3765351
3766350
3767404
3768402
3769331
3770348
3771396
3772391
3773408
3774409
3775450
3777301
3778224
3779241
3780250
3781288
3782245
3783243
3784242
3785282
3786129
3787143
3788142
3789182
3790191
3791157
3792161
3793214
3794185
3795205
3796216
3797255
3798254
3799264
3801106
3802105
3803133
3804133
3805130
3806127
3807161
3808161
3809071
3810082
3810941
3811962
3812964
3813951
3814959
3815987
3816989
3817994
3818847
3819873
3820880
3821871
3822867
3824610
3825621
3826501
3827384
3828394
3829388
3830390
3831437
3832457
3833438
3834447
3835444
3836461
3837465
3838459
3839516
3840527
3841553
3842585
3843627
3844620
3845490
3846572
3848386
3849452
3850538
3851586
3852605
3853665
3854616
3855558
3856589
3857678
3858727
3859755
3860771
3861821
3862840
3863787
3864821
3865879
3866896
3867911
3868968
3869986
3871045
3872499
3873480
3874482
3875543
3876543
3877531
3878519
3879546
3880352
3881389
3882396
3883442
3884456
3885454
3886454
3887500
3888312
