9767
65875
120587
170931
221256
271768
323978
374456
424888
475326
525893
576311
626749
677187
727841
778483
829065
879540
930012
940529
941150
941878
942592
943297
944007
944724
945429
946133
946850
947510
948231
948913
949665
950334
951040
951755
952462
953118
953859
954566
955285
956024
956722
958608
959326
959969
960692
961395
962147
963037
963745
964851
965993
967108
968231
969337
970483
971593
972654
973764
974871
975803
976931
978049
979166
980319
981446
982564
984471
985309
986390
987393
988394
989393
990434
991427
992417
993267
994234
995235
996227
997217
998250
999245
1000270
1001257
1002312
1003311
1004299
1005305
1006342
1008205
1009220
1010169
1011167
1012199
1013192
1014180
1015170
1016200
1017190
1018039
1019052
1020076
1021068
1022055
1023048
1024006
1024963
1025964
1026954
1027985
1028985
1029980
1031740
1032725
1033682
1034671
1035661
1036720
1037710
1038709
1039712
1040716
1041623
1042638
1043642
1044551
1045531
1046511
1047505
1048553
1049400
1050403
1051320
1052346
1054151
1055133
1056143
1057142
1057982
1058972
1059957
1060942
1061968
1062970
1063971
1064891
1065865
1066870
1067881
1068851
1069891
1070893
1071899
1072918
1073951
1074975
1075977
1077803
1078830
1079888
1080937
1081985
1082879
1083951
1084951
1085942
1086966
1088069
1089114
1090135
1091001
1092114
1093128
1094162
1095182
1096289
1097313
1098321
1099221
1100339
1102135
1102996
1104003
1104995
1106038
1107036
1107830
1108757
1109734
1110712
1111700
1112688
1113677
1114666
1115670
1116585
1117574
1118563
