20280
39413
62372
63706
65016
66330
67631
68952
70297
71647
72959
74285
75586
76906
78244
79581
80903
82236
83538
84857
86195
87520
88832
90146
91648
92959
94302
95644
96967
98294
99589
100906
102240
103572
104881
106186
107486
108817
110153
111457
112795
114116
115426
116745
118079
119378
120688
122027
123358
124678
126058
127768
129455
131130
132823
134510
136198
137869
139558
141253
142971
144704
146420
148138
149884
151607
153447
155134
156810
158481
160187
161884
163566
165260
166970
168680
170408
172131
173891
175646
177323
178993
180680
182391
184069
185757
187444
189115
190843
192565
194278
196002
197725
199726
201411
203125
204798
206498
208180
209893
211596
213274
214990
216713
218431
220140
221869
223611
225283
226970
228644
230322
232015
233689
235362
237050
238757
240467
242199
243945
245667
247362
249145
250823
252558
254247
255924
257609
259315
261049
262778
264514
266244
267987
269726
271401
273114
274801
276480
278177
279870
281550
283242
284959
286680
288420
290143
291857
293641
295320
296999
298750
300423
302113
303801
305481
307162
308902
310623
312355
314132
315855
317581
319294
320989
322682
324392
326083
327801
329512
331213
332934
334746
336482
338212
339950
341670
343409
345103
346782
348525
350223
351916
353607
355303
357017
358752
360474
362180
363933
365669
367342
369013
370708
372393
374067
375764
377470
379148
380869
