20412
39650
63009
64328
65646
66973
68327
69703
71017
72330
73651
74974
76334
77705
79023
80342
81673
82985
84359
85724
87037
88346
89668
90982
92530
93891
95206
96530
97853
99438
100751
102148
103485
104813
106135
107446
108764
110132
111463
112774
114094
115407
116726
118091
119406
120759
122083
123396
124716
126121
127447
129136
130844
132528
134213
135921
137652
139340
141082
143876
146417
148717
150684
152403
154098
155781
157463
159159
160891
162655
164422
166150
167876
169625
171333
173017
174713
176400
178086
179786
181473
183185
184931
186680
188414
190168
191918
193651
195351
197050
198811
200518
202204
203923
205635
207323
209045
210782
212532
214261
216004
217743
219427
221205
222904
224590
226297
227984
229668
231367
233104
234852
236595
238319
240045
241797
243485
245192
246888
248632
250316
252024
253747
255474
257177
258916
260658
262408
264131
265864
267603
269310
271024
272733
274429
276118
277820
279515
281209
283245
284972
286701
288458
290200
291932
293685
295392
297090
298869
300559
302252
304136
305842
307526
309226
310961
312722
314472
316211
317951
319699
321420
323124
324856
326562
328248
329970
331666
333402
335140
336897
338632
340391
342149
343897
345663
347368
349206
350914
352611
354346
356134
357831
359523
361235
362983
364705
366452
368189
369922
371655
373338
375039
376737
378433
380119
381815
383542
385232
386966
