6638
161425
315109
465418
615727
766739
917065
1067400
1217719
1368040
1518362
1668685
1819012
1969342
2119668
2270011
2370449
2420877
2452218
2452888
2453622
2454346
2455043
2455752
2456453
2456928
2457677
2458390
2459086
2459819
2460529
2461241
2461944
2462416
2463131
2463851
2464554
2465265
2465972
2466687
2467391
2467911
2468623
2470521
2471151
2471862
2472566
2473279
2473991
2474634
2475353
2476467
2477624
2478746
2479862
2480969
2482163
2483140
2484267
2485387
2486507
2487714
2488832
2489963
2491082
2492043
2493216
2494350
2496287
2497306
2498302
2499338
2500371
2501395
2502411
2503446
2504452
2505466
2506471
2507517
2508515
2509359
2510374
2511413
2512411
2513408
2514404
2515449
2516458
2517493
2518513
2520294
2521341
2522360
2523360
2524360
2525416
2526227
2527241
2528249
2529291
2530292
2531271
2532273
2533323
2534290
2535298
2536306
2537363
2538371
2539381
2540379
2541419
2542300
2544109
2545108
2546106
2547103
2548107
2549117
2550161
2551124
2552113
2553113
2554114
2555115
2556114
2557081
2558035
2558957
2559974
2560992
2562036
2563056
2564054
2565044
2566036
2567660
2568685
2569693
2570706
2571743
2572740
2573738
2574592
2575446
2576472
2577490
2578483
2579523
2580529
2581490
2582507
2583387
2584416
2585450
2586515
2587578
2588604
2589677
2591470
2592512
2593620
2594674
2595696
2596715
2597816
2598836
2599903
2600861
2601943
2602880
2603899
2604957
2606034
2607053
2608070
2608920
2609937
2610952
2612021
2613037
2614067
2615094
2616842
2617852
2618872
2619928
2620914
2621909
2622904
2623931
2624932
2625935
2626952
2627993
2628994
2629992
2630990
2632034
