20237
39247
61805
63114
64425
65731
67078
68459
69767
71080
72392
73706
75065
76425
77737
79051
80362
81677
83016
84371
85679
86996
88311
89632
90986
92336
93645
94961
96274
97583
99132
100493
101789
103100
104402
105715
107047
108419
109719
111033
112335
113650
114989
116358
117656
118969
120281
121593
122928
124283
125606
127283
128964
130661
132343
134028
135717
137428
139146
140875
142588
144314
146003
147680
149580
151287
152961
154643
156329
158004
159721
161442
163169
164892
166640
168361
170047
171736
173408
175093
176772
178449
180165
181854
183566
185300
187032
188744
190469
192195
193873
195557
197234
198987
200728
202408
204098
205778
207505
209236
210962
212690
214405
216114
217800
219473
221190
222873
224547
226230
227907
229635
231367
233097
234832
236549
238280
239954
241650
243341
245016
246697
248415
250125
251815
253544
255297
257025
258756
260479
262208
263903
265586
267279
269075
270774
272470
274155
275839
277572
279303
281030
282761
284509
286222
287907
289599
291462
293142
294832
296512
298191
300082
301769
303495
305248
306985
308730
310445
312197
313899
315579
317286
319026
320735
322426
324133
325823
327564
329317
331060
332803
334541
336265
337963
339662
341551
343249
344943
346624
348355
350051
351743
353472
355244
356966
358688
360413
362246
363930
365614
367286
369003
370684
372361
374034
375722
377426
379163
380901
