20016
38923
62021
63311
64669
66003
67284
68574
69857
71148
72479
73807
75099
76385
77676
78965
80287
81564
82842
84124
85414
86730
88074
89364
90652
91929
93223
94586
95911
97203
98530
99803
101093
102425
103707
105015
106301
107584
108921
110250
111528
112810
114095
115475
116794
118141
119424
120717
122033
123311
124666
126379
128064
129728
131390
133045
134716
136364
138020
139711
141375
143073
144820
146516
148212
149968
151626
153289
154960
156614
158274
159934
161587
163288
165002
166700
168406
170101
171758
173455
175120
176774
178439
180092
181753
183420
185158
186852
188556
190259
191955
193623
195284
196938
198652
200309
201965
203633
205360
207085
208789
210492
212190
213881
215536
217193
218858
220512
222168
223837
225506
227192
228902
230596
232286
233978
235641
237299
238955
240639
242286
243943
245632
247331
249151
250897
252592
254285
255984
257632
259298
260970
262628
264300
265981
267632
269326
271026
272735
274525
276228
277922
279591
281259
282911
284581
286278
287935
289597
291284
292991
294704
296399
298105
300334
302041
303704
305378
307089
308781
310459
312130
313810
315507
317214
318913
320641
322341
324074
325816
327493
329160
330824
332504
334174
335893
337561
339272
340988
342679
344401
346119
347819
349780
351452
353114
354769
356465
358177
359834
361511
363202
364901
366604
368305
369998
371659
373308
374963
376636
