8861
112732
216413
316719
417024
518026
618339
718646
818971
919282
1019599
1119910
1220239
1320577
1420895
1521208
1621890
1622515
1623282
1623989
1624692
1625440
1626127
1626746
1627462
1628114
1628800
1629515
1630249
1630964
1631616
1632336
1633046
1633742
1634451
1635169
1635890
1636607
1637312
1638056
1638690
1639396
1639982
1641901
1642633
1643338
1644049
1644756
1645460
1646182
1646769
1647912
1649030
1650177
1651332
1652433
1653562
1654683
1655702
1656712
1657823
1658935
1660018
1661168
1662273
1663388
1664499
1665427
1666546
1668382
1669375
1670365
1671357
1672351
1673351
1674129
1675186
1676188
1677188
1678180
1679178
1680181
1681173
1682081
1683136
1684130
1685123
1686126
1687182
1688184
1689055
1690049
1691887
1692918
1693910
1694900
1695891
1696920
1697728
1698727
1699547
1700595
1701578
1702568
1703589
1704435
1705439
1706429
1707452
1708443
1709429
1710274
1711302
1712151
1713937
1714938
1715923
1716957
1717945
1718935
1719915
1720769
1721768
1722761
1723759
1724755
1725750
1726740
1727731
1728595
1729598
1730439
1731483
1732482
1733468
1734492
1735524
1736884
1737879
1738890
1739896
1740929
1741932
1742919
1743926
1744826
1745851
1746868
1747855
1748842
1749866
1750733
1751734
1752618
1753629
1754645
1755701
1756718
1757745
1758811
1759827
1761270
1762316
1763363
1764385
1765440
1766497
1767522
1768536
1769487
1770551
1771368
1772397
1773493
1774517
1775538
1776551
1777425
1778456
1779472
1780534
1781613
1782624
1783645
1785422
1786233
1787283
1788287
1789267
1790249
1791281
1792263
1793254
1794251
1795323
1796316
1797308
1798309
1799340
1800366
