0] call handler set,
2] RT thread ALLOCATING
@297729,256910,255615,12955,3909,3779,4272,3744,7490,3936,3873,3968,15779,3870,4772,3965,3817,3703,4396,3716,3994,3708,3821,3597,3800,3810,54158,36256,5709,10847,5058,4113,4986,7478,9950,5720,19075,22574,15737,6452,6046,4010,21558,6500,5096,10838,13315,4628,4283,4582,17279,15419,6613,401039,227540,9207,3415,3538,3442,3598,3920,7641,8098,4034,10663,3578,3924,9782,3560,3889,7955,3880,3407,4991,4288,4701,6981,3494,3527,3527,8062,3731,17957,16457,5780,4279,5727,6117,15429,5839,11879,9769,5161,4456,128318,30781,4558,4337,4909,3936,7093,3602,3654,6913,6383,283784,437641,6088,3860,4010,6424,8052,3948,4059,35988,14006,4625,33815,29861,9650,31095,5431,5955,4457,3843,4779,12071,4276,5044,7843,8086,3703,3572,4717,3825,11713,4914,6865,6601,12716,4232,3923,3817,3792,7559,3502,3567,3778,3436,7271,4241,3771,3885,7703,7950,4947,5676,242249,461412,11739,13745,3834,3776,4026,3780,3804,4286,4024,3939,4059,3737,3770,7936,3740,10123,26764,12565,14377,5377,8406,4599,3743,3878,3552,3464,4687,3692,8042,3891,4038,4153,3884,3434,3721,3943,3899,8106,4075,55836,24427,@
done
-------------	-------	-------	---------------	---------------
GC Statistics
-------------	-------	-------	---------------	---------------
Total chunks created = 2982616 
Number of Chunks allocated = 10,557,596
Number of Chunks Freed = 9,302,226
Number of GC Sweeps = 9
Total GC Time = 2,568
Mutator was blocked 0 times
Max mutator pause time = 9
Allocted by RT thread = 9,230,548
