9469
213589
417381
617691
818000
1019014
1219329
1419648
1619967
1820299
2020618
2221000
2421315
2621682
2822002
3022318
3222638
3373228
3482730
3546023
3585957
3586512
3587261
3587972
3588689
3589448
3590174
3590895
3591371
3592026
3592760
3593559
3594270
3594988
3595705
3596296
3597014
3597612
3598339
3599053
3599802
3600510
3602419
3603146
3603874
3604469
3605184
3605909
3606533
3607245
3607955
3609030
3610157
3611070
3612200
3613349
3614477
3615592
3616708
3617866
3618975
3620000
3621121
3622246
3623402
3624527
3625655
3626769
3628745
3629708
3630721
3631748
3632747
3633781
3634789
3635797
3636806
3637803
3638819
3639816
3640815
3641856
3642853
3643818
3644859
3645714
3646651
3647648
3648645
3649719
3650707
3652531
3653530
3654357
3655421
3656419
3657416
3658417
3659455
3660473
3661447
3662276
3663322
3664321
3665318
3666316
3667296
3668300
3669302
3670115
3671159
3672168
3673166
3674165
3676040
3677079
3678098
3679100
3680117
3681158
3682158
3683156
3684154
3685203
3686216
3687225
3688210
3689261
3690257
3691246
3692247
3693296
3694300
3695287
3696287
3697339
3698338
3700183
3701197
3702224
3703266
3704058
3705056
3706048
3707040
3708086
3709065
3710073
3711103
3711875
3712826
3713878
3714886
3715895
3716903
3717838
3718880
3719913
3720715
3721827
3723697
3724723
3725773
3726835
3727867
3728889
3729930
3730956
3731979
3733039
3734099
3735117
3736135
3737248
3738188
3739199
3740218
3741333
3742353
3743374
3744443
3745526
3746511
3748296
3749287
3750322
3751356
3752376
3753361
3754348
3755346
3756294
3757292
3758295
3759331
3760337
3761335
3762341
3763204
3764221
10163
214393
418578
618905
819223
1020315
1220656
1420991
1621387
1821730
2022089
2222441
2422776
2623132
2823476
3023809
3224330
3424667
3625181
3779461
3930070
4038303
4138968
4239666
4353654
4404197
4454646
4505149
4518474
4519191
4519920
4520632
4521317
4522037
4522753
4523514
4524230
4524906
4525670
4526392
4527118
4527880
4529834
4530567
4531281
4532004
4532728
4533443
4534154
4534869
4535582
4536700
4537874
4538773
4539887
4541014
4542030
4543148
4544285
4545422
4546540
4547468
4548596
4549750
4550864
4552228
4553377
4554494
4556419
4557417
4558422
4559462
4560459
4561456
4562405
4563463
4564461
4565418
4566418
4567476
4568475
4569472
4570479
4571502
4572502
4573496
4574494
4575536
4576545
4577542
4578542
4580390
4581205
4582229
4583195
4584171
4585170
4586166
4587166
4588177
4588984
4590002
4591001
4592001
4593010
4594021
4595020
4596061
4596884
4597921
4598920
4599997
4600991
4601990
4603782
4604783
4605651
4606654
4607652
4608649
4609687
4610695
4611692
4612716
4613692
4614699
4615701
4616690
4617719
4618693
4619696
4620702
4621707
4622731
4623706
4624706
4625757
4627564
4628583
4629600
4630571
4631649
4632673
4633547
4634552
4635601
4636611
4637631
4638430
4639503
4640509
4641502
4642527
4643574
4644622
4645657
4646501
4647612
4648649
4649747
4651527
4652396
4653489
4654521
4655365
4656422
4657524
4658545
4659565
4660611
4661699
4662717
4663551
4664474
4665534
4666554
4667571
4668618
4669580
4670596
4671654
4672451
4673514
4675250
4676269
4677270
4678281
4679344
4680334
4681287
4682289
4683328
4684337
4685336
4686336
4687333
4688334
4689246
4690276
4691275
8626
212943
416727
617033
817346
1018391
1218705
1419023
1619337
1819654
2019966
2220291
2420671
2621039
2821355
3021671
3313093
3313736
3314469
3315111
3315830
3316540
3317313
3318027
3318744
3319460
3320181
3320903
3321626
3322340
3323047
3323765
3324469
3325022
3325771
3326482
3327210
3327922
3328632
3329353
3330068
3330644
3332560
3333283
3334000
3334724
3335449
3336171
3336893
3337466
3338217
3339308
3340430
3341552
3342680
3343837
3344697
3345838
3346952
3348087
3349261
3350412
3351528
3352647
3353800
3354915
3356034
3357153
3359088
3359992
3360992
3361864
3362866
3363835
3364827
3365835
3366830
3367872
3368869
3369885
3370892
3371893
3372908
3373917
3374914
3375924
3376922
3377880
3378871
3379876
3380875
3382683
3383693
3384724
3385764
3386584
3387611
3388616
3389673
3390683
3391694
3392693
3393753
3394570
3395607
3396617
3397665
3398667
3399702
3400698
3401734
3402559
3403564
3404565
3406413
3407450
3408448
3409446
3410388
3411381
3412352
3413350
3414351
3415394
3416396
3417398
3418401
3419394
3420393
3421333
3422335
3423383
3424399
3425417
3426411
3427363
3428373
3430034
3431032
3432052
3433099
3434103
3435097
3435974
3436985
3438006
3439026
3440063
3441105
3442112
3443149
3444025
3445112
3446123
3447086
3448120
3449195
3450255
3451284
3452157
3453814
3454837
3455886
3456949
3457969
3458989
3459878
3460704
3461794
3462824
3463873
3464912
3465931
3466990
3468010
3468985
3470012
3471102
3472070
3473096
3474172
3475234
3476253
3477772
3478800
3479842
3480845
3481853
3482847
3483874
3484878
3485692
3486698
3487744
3488754
3489761
3490762
3491800
3492821
3493742
10770
214996
419445
619764
820093
1021107
1221421
1421739
1622064
1822475
2022835
2223439
2423784
2624111
2824638
3025118
3225483
3425827
3626327
3778202
3898784
4036196
4055221
4055981
4056708
4057417
4058167
4058886
4059616
4060368
4060963
4061679
4062410
4063146
4063862
4064452
4065171
4065890
4066487
4067216
4067925
4068648
4070605
4071338
4072052
4072773
4073488
4074221
4074878
4075607
4076322
4077445
4078603
4079726
4080803
4081938
4083062
4084223
4085345
4086489
4087554
4088715
4089703
4090835
4091947
4093060
4094216
4095345
4097210
4098212
4099024
4100123
4101119
4102116
4103113
4104108
4105115
4106020
4106851
4107866
4108864
4109862
4110859
4111856
4112851
4113851
4114663
4115676
4116675
4117674
4118735
4120595
4121489
4122488
4123300
4124357
4125355
4126147
4127146
4128199
4129199
4130197
4131011
4132083
4133092
4134098
4135107
4136186
4137143
4138143
4138933
4139977
4140976
4141975
4143766
4144776
4145767
4146747
4147755
4148761
4149794
4150787
4151803
4152808
4153809
4154810
4155668
4156699
4157715
4158705
4159729
4160776
4161782
4162787
4163595
4164633
4165624
4167200
4168208
4169215
4170266
4171259
4172069
4173071
4174105
4175117
4176137
4177165
4178204
4179209
4180063
4181074
4182123
4183142
4184163
4185195
4186269
4187245
4188066
4189143
4190922
4191996
4193048
4194101
4195122
4196198
4197191
4198134
4199171
4200286
4201332
4202348
4203390
4204528
4205475
4206495
4207514
4208648
4209677
4210694
4211753
4212775
4213713
4215504
4216523
4217524
4218606
4219607
4220598
4221594
4222536
4223541
4224493
4225492
4226544
4227554
4228574
4229578
4230508
4231522
10728
214838
420062
620423
820762
1021780
1222050
1422374
1622645
1822962
2023364
2223706
2424107
2624448
2824851
3025197
3225606
3375949
3440523
3454819
3455540
3456250
3456882
3457589
3458293
3458902
3459624
3460200
3460925
3461644
3462359
3463123
3463828
3464539
3465307
3465851
3466569
3467363
3468093
3468803
3469487
3470198
3472106
3472661
3473416
3474022
3474750
3475560
3476275
3476997
3477716
3478528
3479664
3480786
3481947
3483112
3484093
3485209
3486326
3487282
3488412
3489536
3490657
3491818
3492933
3493925
3495043
3495891
3497907
3498908
3499942
3500944
3501949
3502945
3503800
3504582
3505629
3506626
3507622
3508637
3509685
3510684
3511682
3512492
3513542
3514503
3515511
3516526
3517512
3518530
3519528
3521257
3522276
3523322
3524225
3525222
3526229
3527272
3528271
3529154
3530189
3531237
3532246
3533245
3534253
3535287
3536292
3537174
3538210
3539258
3540260
3541270
3542279
3543276
3544917
3545743
3546751
3547795
3548794
3549838
3550831
3551863
3552859
3553717
3554725
3555761
3556774
3557760
3558747
3559775
3560793
3561654
3562676
3563718
3564608
3565598
3566598
3568393
3569445
3570347
3571374
3572376
3573422
3574440
3575435
3576442
3577502
3578398
3579409
3580405
3581485
3582480
3583498
3584517
3585385
3586248
3587286
3588312
3589398
3590474
3592257
3593282
3594266
3595325
3596257
3597286
3598358
3599427
3600488
3601535
3602584
3603639
3604537
3605604
3606560
3607615
3608635
3609682
3610700
3611629
3612532
3613556
3614573
3616361
3617418
3618421
3619421
3620420
3621265
3622268
3623263
3624249
3625327
3626336
3627333
3628341
3629183
3630198
3631204
3632212
8559
212962
417404
617767
818107
1019229
1219598
1420213
1620557
1821070
2021407
2221954
2422361
2622743
2823082
3023451
3223810
3424364
3624725
3780588
3931248
4033200
4133842
4275489
4326135
4376776
4427188
4432100
4432762
4433481
4434197
4434911
4435643
4436361
4437085
4437850
4438476
4439204
4439960
4440624
4441334
4442100
4444051
4444733
4445327
4446076
4446801
4447522
4448235
4448954
4449713
4450815
4451966
4453092
4454209
4455347
4456507
4457656
4458767
4459883
4460921
4462087
4463181
4464308
4465424
4466577
4467732
4468852
4470376
4471394
4472455
4473454
4474451
4475459
4476468
4477477
4478290
4479257
4480302
4481311
4482313
4483311
4484358
4485367
4486192
4487205
4488246
4489254
4490252
4491259
4492085
4493959
4494780
4495794
4496691
4497751
4498750
4499792
4500779
4501744
4502567
4503571
4504568
4505566
4506561
4507558
4508557
4509554
4510435
4511452
4512451
4513451
4514447
4515446
4517230
4518275
4519170
4520185
4521183
4522222
4523230
4524227
4525232
4526275
4527089
4528107
4529110
4530145
4531149
4532147
4533058
4534114
4534932
4535975
4536976
4538002
4538995
4540760
4541771
4542679
4543500
4544499
4545494
4546490
4547480
4548458
4549468
4550330
4551326
4552367
4553157
4554183
4555153
4556170
4557190
4558050
4559092
4560114
4561136
4562240
4564063
4565095
4566078
4566900
4567998
4569019
4570080
4571100
4572161
4573211
4574244
4575272
4576341
4577410
4578439
4579455
4580477
4581524
4582454
4583498
4584588
4585648
4586666
4588424
4589443
4590446
4591261
4592268
4593263
4594318
4595316
4596301
4597300
4598341
4599196
4600238
4601203
4602241
4603237
4604056
10537
214981
419181
619510
819847
1021010
1221551
1422180
1622520
1822838
2023159
2223700
2424042
2624604
2825045
3025578
3225996
3426530
3589330
3860247
3908782
3909444
3910219
3910952
3911663
3912435
3913159
3913874
3914556
3915285
3915994
3916691
3917385
3918112
3918827
3919561
3920283
3921016
3921730
3922443
3923160
3923886
3925772
3926511
3927107
3927836
3928547
3929276
3929990
3930704
3931418
3932584
3933421
3934569
3935694
3936885
3938003
3939126
3940241
3941360
3942305
3943427
3944545
3945667
3946826
3947944
3949057
3950208
3951870
3952917
3953914
3954920
3955918
3956950
3957947
3958945
3959867
3960921
3961920
3962917
3963915
3964953
3965968
3966966
3967911
3968968
3969975
3970973
3971971
3973009
3974008
3975823
3976707
3977715
3978768
3979769
3980778
3981775
3982842
3983843
3984767
3985785
3986835
3987837
3988835
3989843
3990885
3991884
3992740
3993757
3994760
3995781
3996804
3997791
3999645
4000672
4001528
4002532
4003530
4004568
4005566
4006562
4007561
4008629
4009556
4010557
4011559
4012589
4013577
4014574
4015576
4016640
4017580
4018605
4019596
4020630
4021621
4023377
4024395
4025409
4026362
4027374
4028274
4029267
4030331
4031350
4032367
4033386
4034414
4035431
4036436
4037431
4038477
4039420
4040439
4041464
4042489
4043534
4044579
4045662
4047494
4048575
4049530
4050449
4051467
4052527
4053589
4054609
4055628
4056713
4057761
4058591
4059613
4060731
4061750
4062767
4063783
4064868
4065735
4066561
4067637
4068692
4069711
4071468
4072486
4073495
4074553
4075478
4076470
4077455
4078503
4079662
4080662
4081661
4082711
4083667
4084695
4085696
4086731
4087729
10100
214686
418882
619249
819590
1020673
1221019
1421341
1621858
1822300
2022848
2223204
2423731
2624064
2824577
3024868
3225406
3509404
3573399
3575908
3576631
3577348
3578070
3578791
3579503
3580212
3580905
3581499
3582228
3582947
3583661
3584382
3585077
3585789
3586499
3587198
3587889
3588547
3589309
3590022
3590738
3591498
3593449
3594129
3594861
3595613
3596342
3597078
3597791
3598510
3599143
3600121
3601271
3602385
3603501
3604610
3605790
3606905
3608018
3608921
3609865
3610927
3612061
3613177
3614291
3615464
3616537
3617671
3619340
3620154
3621209
3622207
3623206
3624203
3625247
3626247
3627244
3628047
3629061
3630083
3631084
3632093
3633099
3634108
3635103
3635913
3636917
3637922
3638886
3639932
3640929
3642761
3643769
3644737
3645778
3646798
3647836
3648858
3649932
3650936
3651945
3652941
3653998
3654995
3655994
3656993
3658034
3659027
3659845
3660838
3661877
3662870
3663867
3664783
3666624
3667661
3668473
3669477
3670476
3671509
3672516
3673517
3674528
3675573
3676389
3677397
3678409
3679443
3680436
3681422
3682432
3683472
3684286
3685295
3686295
3687324
3688324
3689988
3691005
3692028
3692848
3693853
3694847
3695878
3696871
3697885
3698895
3699976
3700986
3701998
3702992
3703987
3705002
3706008
3707018
3708041
3709020
3710051
3711073
3712137
3714039
3715063
3716113
3717173
3718105
3719183
3720246
3721278
3722299
3723392
3724442
3725471
3726295
3727416
3728447
3729475
3730504
3731370
3732387
3733405
3734264
3735339
3736366
3738138
3739164
3740167
3741047
3742047
3742854
3743897
3744886
3745874
3746880
3747925
3748876
3749910
3750720
3751547
3752542
3753539
10677
215127
419578
619917
820260
1021396
1221748
1422087
1622431
1822756
2023052
2223370
2423643
2623960
2824226
3024545
3224951
3425300
3575629
3709419
3710182
3710897
3711608
3712400
3713115
3713848
3714489
3714964
3715695
3716458
3717175
3717888
3718619
3719337
3720051
3720765
3721489
3722211
3722932
3723647
3724228
3724936
3726934
3727585
3728330
3729043
3729770
3730487
3731207
3731935
3732662
3733503
3734667
3735802
3736917
3738036
3739187
3740347
3741461
3742304
3743118
3744281
3745227
3746369
3747495
3748673
3749829
3750953
3752311
3753310
3754346
3755230
3756228
3757225
3758272
3759270
3760050
3761061
3762059
3763056
3764054
3765053
3766041
3767039
3767795
3768857
3769856
3770862
3771860
3772897
3773896
3775417
3776201
3777207
3778248
3779247
3780251
3781258
3782335
3783335
3784303
3785310
3786351
3787360
3788357
3789354
3790399
3791398
3792276
3793293
3794296
3795317
3796316
3797327
3799155
3800228
3801120
3802114
3803110
3804107
3805103
3806102
3807106
3808109
3809069
3810078
3811080
3812080
3813067
3814074
3815075
3816090
3816945
3817956
3818986
3819978
3820968
3822734
3823743
3824811
3825671
3826538
3827550
3828592
3829596
3830616
3831633
3832707
3833702
3834546
3835561
3836570
3837580
3838599
3839610
3840682
3841706
3842705
3843746
3844876
3846705
3847739
3848789
3849882
3850932
3851882
3852949
3853969
3855027
3856074
3857121
3858140
3859158
3860062
3861088
3862107
3863081
3864168
3865185
3866200
3867216
3868111
3869127
3870886
3871906
3872948
3873952
3874956
3875953
3876953
3877813
3878798
3879798
3880760
3881768
3882774
3883778
3884817
3885654
3886673
10744
215323
419648
619963
820297
1021314
1221635
1422155
1622514
1822929
2023273
2223680
2424031
2624464
2824802
3025202
3225662
3539077
3667044
3667697
3668407
3669117
3669839
3670558
3671265
3671876
3672591
3673328
3674040
3674764
3675474
3676195
3676914
3677637
3678287
3679014
3679754
3680508
3681221
3681932
3682680
3683413
3685118
3685853
3686646
3687374
3688108
3688862
3689581
3690294
3690929
3692061
3693191
3694316
3695433
3696590
3697707
3698826
3699754
3700895
3702005
3703114
3704255
3705367
3706530
3707642
3708777
3709746
3711716
3712757
3713756
3714752
3715759
3716799
3717807
3718619
3719558
3720610
3721609
3722615
3723623
3724791
3725790
3726812
3727695
3728753
3729754
3730750
3731758
3732809
3733812
3735660
3736475
3737495
3738526
3739525
3740524
3741523
3742565
3743564
3744354
3745368
3746433
3747441
3748453
3749275
3750314
3751303
3752115
3753146
3754144
3755136
3756133
3757164
3758996
3759996
3760877
3761874
3762915
3763908
3764924
3765922
3766961
3767959
3768784
3769684
3770728
3771711
3772708
3773701
3774748
3775756
3776575
3777587
3778631
3779625
3780722
3782489
3783508
3784559
3785575
3786579
3787582
3788630
3789668
3790576
3791585
3792644
3793621
3794629
3795635
3796666
3797676
3798683
3799709
3800759
3801776
3802798
3803826
3804953
3806788
3807812
3808867
3809759
3810845
3811879
3812764
3813785
3814844
3815892
3816940
3817778
3818853
3819913
3820760
3821780
3822842
3823900
3824927
3825765
3826883
3827901
3828928
3830749
3831779
3832831
3833843
3834658
3835667
3836707
3837704
3838692
3839691
3840739
3841662
3842631
3843660
3844716
3845725
3846734
10744
215176
419514
620123
820477
1021571
1221907
1422264
1622569
1823108
2023462
2223981
2424348
2624866
2825427
3026001
3226454
3427051
3627552
3792865
3943499
4170569
4271028
4412997
4463634
4514159
4526404
4527113
4527859
4528618
4529383
4530100
4530805
4531497
4532213
4532936
4533645
4534368
4535086
4535802
4536533
4537251
4538845
4539562
4540279
4540991
4541728
4542466
4543188
4543899
4544516
4545647
4546801
4547917
4549028
4550180
4551207
4552371
4553308
4554426
4555537
4556695
4557812
4558923
4560039
4561161
4562142
4563272
4565194
4566195
4567205
4568202
4569198
4570205
4571227
4572275
4573276
4574281
4575288
4576330
4577331
4578327
4579204
4580250
4581258
4582252
4583259
4584303
4585311
4586316
4587210
4589068
4590068
4591065
4592097
4593148
4594155
4595183
4596027
4597089
4598089
4599088
4600121
4601130
4602125
4603121
4603967
4605043
4606068
4607068
4608065
4609103
4610100
4611097
4612768
4613788
4614835
4615833
4616830
4617828
4618867
4619866
4620871
4621898
4622944
4623947
4624960
4625951
4626976
4627970
4628857
4629882
4630937
4631942
4632988
4633983
4635009
4636637
4637525
4638552
4639560
4640605
4641600
4642459
4643461
4644525
4645517
4646531
4647535
4648569
4649565
4650619
4651625
4652560
4653592
4654634
4655675
4656738
4657761
4658823
4660602
4661627
4662586
4663608
4664629
4665649
4666766
4667787
4668821
4669869
4670986
4672022
4673043
4674104
4675123
4676144
4677174
4678246
4679071
4680125
4681184
4682210
4683228
4685032
4686052
4686989
4687970
4689017
4690007
4691005
4692013
4693042
4694021
4695020
4696001
4697065
4698065
4699063
4700118
4701126
10701
214701
421988
622406
822944
1024770
1225306
1425803
1626250
1826700
2027113
2227572
2427884
2628336
2828786
3029241
3345436
3346185
3346884
3347596
3348253
3348715
3349420
3350056
3350781
3351492
3352248
3352959
3353670
3354152
3354864
3355571
3356306
3357016
3357726
3358308
3359025
3359503
3360260
3360975
3361685
3362418
3364358
3365091
3365806
3366325
3366833
3367541
3368287
3369003
3369730
3370845
3371993
3373032
3374163
3375280
3376436
3377573
3378701
3379739
3380896
3381910
3383039
3384053
3385175
3386338
3387470
3388603
3390296
3391124
3392186
3393194
3394193
3395191
3396237
3397245
3398245
3399073
3400150
3401145
3402050
3403044
3404083
3405076
3405887
3406896
3407939
3408933
3409917
3410910
3411947
3413760
3414574
3415576
3416614
3417607
3418605
3419573
3420619
3421619
3422441
3423451
3424497
3425506
3426508
3427509
3428556
3429561
3430390
3431401
3432437
3433436
3434437
3435446
3437172
3438223
3439105
3440093
3441103
3442142
3443151
3444150
3445162
3446208
3447062
3448084
3449095
3450150
3451135
3452122
3453123
3454095
3454915
3455938
3456928
3457965
3458956
3460729
3461655
3462705
3463722
3464736
3465730
3466723
3467716
3468724
3469759
3470775
3471691
3472722
3473726
3474722
3475730
3476742
3477753
3478610
3479449
3480483
3481512
3482614
3484448
3485474
3486529
3487493
3488522
3489557
3490625
3491666
3492702
3493750
3494800
3495833
3496817
3497939
3498959
3500014
3501041
3502139
3503168
3504185
3505157
3506123
3507159
3508919
3509937
3510947
3511942
3512943
3513930
3514705
3515710
3516697
3517695
3518692
3519690
3520688
3521687
3522656
3523673
3524671
10483
219877
427197
627737
828228
1029883
1230531
1431127
1631676
1832182
2032858
2233423
2433894
2634374
2834820
3035265
3235735
3436169
3636638
3792330
3977093
4019556
4020272
4020991
4021713
4022424
4022877
4023584
4024303
4024781
4025501
4026217
4026922
4027602
4028317
4029026
4029697
4030238
4030961
4031678
4032400
4033116
4035067
4035795
4036518
4037065
4037794
4038516
4039232
4039986
4040734
4041855
4042955
4044087
4045154
4046294
4047420
4048633
4049785
4050899
4052010
4053083
4054112
4055240
4056358
4057470
4058650
4059767
4061715
4062627
4063592
4064552
4065554
4066553
4067571
4068608
4069528
4070525
4071533
4072450
4073470
4074464
4075467
4076506
4077506
4078509
4079521
4080440
4081448
4082448
4083457
4085307
4086354
4087363
4088363
4089190
4090272
4091291
4092302
4093313
4094363
4095308
4096309
4097169
4098125
4099141
4100175
4101172
4102216
4103215
4104233
4105231
4106222
4107229
4109015
4110013
4111023
4112065
4113063
4114060
4115046
4116134
4117143
4118146
4119157
4120200
4121203
4122192
4123180
4124220
4125103
4126119
4127124
4128196
4129196
4130196
4131197
4132979
4133834
4134859
4135870
4136863
4137900
4138905
4139911
4140924
4141747
4142777
4143772
4144793
4145772
4146767
4147776
4148791
4149653
4150630
4151654
4152712
4153735
4154799
4156588
4157612
4158696
4159560
4160586
4161607
4162707
4163727
4164744
4165792
4166837
4167759
4168785
4169845
4170861
4171922
4172941
4173999
4175022
4175983
4177049
4178067
4179092
4180882
4181950
4182953
4183949
4184831
4185835
4186856
4187850
4188869
4189907
4190907
4191925
4192737
4193754
4194752
4195761
4196794
10445
214871
419046
619403
819745
1020833
1221178
1421570
1621916
1822307
2022644
2223268
2423637
2624141
2824481
3024782
3225128
3425445
3770116
3883536
4014138
4035880
4036300
4037021
4037734
4038448
4039167
4039881
4040629
4041356
4041826
4042569
4043269
4043995
4044710
4045422
4046062
4046794
4047279
4048010
4048720
4049440
4051303
4052034
4052754
4053466
4053949
4054652
4055359
4055828
4056540
4057710
4058818
4059934
4060923
4062094
4063203
4064316
4065436
4066548
4067709
4068712
4069629
4070763
4071921
4073038
4074164
4075289
4077242
4078290
4079219
4080238
4081242
4082282
4083284
4084291
4085298
4086358
4087372
4088381
4089389
4090413
4091422
4092430
4093427
4094426
4095237
4096182
4097202
4098262
4099272
4101111
4102098
4103075
4103917
4104933
4105930
4106940
4107974
4108987
4109984
4110981
4111825
4112842
4113840
4114838
4115873
4116854
4117859
4118870
4119716
4120736
4121742
4122752
4124591
4125643
4126681
4127682
4128606
4129665
4130669
4131696
4132708
4133754
4134769
4135783
4136670
4137707
4138706
4139695
4140707
4141778
4142796
4143807
4144798
4145841
4146835
4148601
4149644
4150564
4151624
4152403
4153394
4154388
4155346
4156356
4157375
4158232
4159225
4159955
4160964
4161994
4163003
4164012
4165021
4166093
4167117
4167868
4168892
4170022
4171856
4172883
4173937
4174997
4176067
4176867
4177942
4178965
4180038
4181087
4182143
4183167
4183965
4185064
4186093
4187117
4188127
4189175
4190194
4191219
4192055
4193092
4194109
4195873
4196891
4197905
4198914
4199962
4200715
4201742
4202727
4203713
4204709
4205743
4206750
4207749
4208479
4209524
4210534
4211532
9766
213978
418075
618407
818752
1019771
1220095
1420411
1620728
1821042
2021552
2221898
2422232
2622502
2822836
3023105
3223442
3392480
3492952
3548477
3555571
3556285
3556996
3557744
3558457
3559162
3559875
3560501
3561233
3561943
3562695
3563452
3564147
3564892
3565574
3566238
3567009
3567731
3568441
3569214
3569927
3570643
3572571
3573228
3573951
3574675
3575333
3576054
3576765
3577485
3578197
3579117
3580246
3581408
3582518
3583649
3584763
3585881
3587046
3587944
3589083
3590208
3591384
3592516
3593648
3594762
3595885
3596810
3598837
3599874
3600864
3601863
3602903
3603902
3604855
3605736
3606779
3607776
3608785
3609784
3610825
3611825
3612832
3613752
3614692
3615690
3616687
3617685
3618726
3619725
3620733
3622612
3623635
3624677
3625679
3626677
3627675
3628713
3629744
3630749
3631756
3632798
3633806
3634812
3635751
3636792
3637800
3638646
3639683
3640732
3641730
3642739
3643747
3644795
3646607
3647506
3648543
3649558
3650654
3651650
3652646
3653654
3654467
3655480
3656494
3657508
3658511
3659498
3660496
3661484
3662407
3663426
3664432
3665480
3666470
3667463
3668453
3670311
3671235
3672263
3673279
3674272
3675341
3676344
3677347
3678368
3679437
3680380
3681390
3682387
3683420
3684420
3685430
3686312
3687366
3688263
3689326
3690358
3691389
3692464
3694265
3695331
3696366
3697483
3698515
3699536
3700661
3701689
3702750
3703797
3704647
3705672
3706723
3707796
3708813
3709831
3710890
3711939
3712767
3713801
3714899
3715919
3716930
3718724
3719742
3720785
3721631
3722652
3723641
3724668
3725658
3726572
3727580
3728578
3729544
3730532
3731538
3732535
3733536
3734533
10686
215132
418924
619234
819532
1020523
1220841
1421162
1621508
1821820
2022280
2222820
2423263
2623698
2824125
3024600
3225168
3407730
3408445
3408975
3409388
3410109
3410864
3411574
3412190
3412648
3413376
3414085
3414840
3415552
3416262
3417009
3417701
3418384
3419068
3419778
3420484
3421243
3421958
3422682
3423398
3423991
3425907
3426535
3427309
3428024
3428747
3429467
3430187
3430787
3431520
3432629
3433746
3434862
3435990
3437161
3438281
3439180
3440290
3441470
3442586
3443709
3444743
3445861
3447023
3448100
3449225
3450368
3452336
3453377
3454375
3455371
3456250
3457290
3458286
3459278
3460313
3461235
3462233
3463225
3464024
3465067
3466066
3467057
3468053
3469089
3470088
3471068
3471881
3472917
3473928
3475732
3476741
3477734
3478626
3479623
3480439
3481524
3482524
3483525
3484526
3485571
3486573
3487575
3488382
3489482
3490491
3491485
3492493
3493527
3494537
3495529
3496314
3497345
3499178
3500207
3501200
3502200
3503243
3504089
3505097
3506095
3507134
3508137
3509141
3510145
3511201
3512077
3513054
3514042
3515086
3516093
3517101
3518106
3519139
3520015
3521024
3522800
3523803
3524860
3525884
3526886
3527879
3528689
3529705
3530608
3531626
3532634
3533644
3534639
3535656
3536466
3537494
3538505
3539563
3540593
3541430
3542454
3543538
3544402
3546191
3547217
3548136
3549239
3550296
3551107
3552165
3553178
3554207
3555254
3556311
3557405
3558423
3559482
3560510
3561522
3562556
3563612
3564628
3565722
3566831
3567848
3568865
3570453
3571532
3572514
3573525
3574539
3575569
3576559
3577544
3578340
3579397
3580405
3581290
3582295
3583313
3584322
3585322
3586051
10560
214509
418837
619157
819478
1021119
1221454
1422023
1622350
1822670
2022988
2223310
2423619
2624051
2824373
3024813
3225152
3547231
3696867
3725964
3726681
3727403
3728115
3728829
3729542
3730261
3730972
3731639
3732364
3733084
3733812
3734531
3735267
3735983
3736696
3737362
3738103
3738837
3739592
3740318
3741041
3741785
3743724
3744445
3745181
3745900
3746615
3747337
3748046
3748759
3749485
3750591
3751640
3752751
3753880
3754997
3756144
3757312
3758436
3759341
3760491
3761643
3762771
3763888
3765015
3766166
3767310
3768224
3770167
3771178
3772191
3773234
3774232
3775236
3776244
3777056
3778070
3779083
3780086
3781089
3782091
3783092
3784100
3785091
3786102
3787102
3788105
3789112
3790119
3791124
3792124
3793888
3794840
3795846
3796860
3797898
3798897
3799940
3800936
3801902
3802905
3803813
3804812
3805859
3806857
3807854
3808852
3809806
3810804
3811803
3812801
3813832
3814837
3815836
3817626
3818473
3819552
3820553
3821560
3822567
3823607
3824553
3825556
3826397
3827445
3828479
3829423
3830416
3831446
3832437
3833450
3834269
3835324
3836339
3837331
3838337
3839377
3841153
3842184
3843087
3844118
3845123
3846120
3847182
3848177
3849233
3850290
3851263
3852256
3853302
3854275
3855269
3856278
3857328
3858338
3859280
3860324
3861395
3862418
3863481
3865148
3866187
3867312
3868321
3869363
3870395
3871497
3872523
3873544
3874603
3875721
3876653
3877689
3878751
3879820
3880841
3881871
3882919
3883979
3884838
3885916
3886936
3888002
3889854
3890848
3891873
3892874
3893714
3894682
3895679
3896666
3897692
3898682
3899715
3900702
3901548
3902422
3903441
3904439
3905671
10737
215195
419640
619977
820332
1021360
1221677
1421990
1622284
1822597
2022867
2223210
2423608
2623948
2824373
3024712
3225108
3329359
3360047
3360767
3361475
3362257
3362966
3363682
3364435
3365147
3365756
3366545
3367266
3367979
3368690
3369398
3370098
3370817
3371452
3372176
3372892
3373605
3374328
3375037
3375759
3376480
3378158
3378920
3379647
3380365
3381081
3381795
3382505
3383225
3383825
3384974
3385901
3387107
3388257
3389394
3390514
3391632
3392627
3393765
3394877
3395912
3397074
3398241
3399372
3400518
3401416
3402574
3404574
3405571
3406570
3407578
3408618
3409605
3410417
3411428
3412467
3413465
3414472
3415469
3416510
3417453
3418265
3419281
3420321
3421318
3422319
3423326
3424373
3425380
3426393
3427983
3429003
3430011
3431022
3431883
3432626
3433636
3434638
3435463
3436507
3437382
3438392
3439401
3440446
3441458
3442468
3443281
3444345
3445344
3446389
3447388
3448442
3449442
3451318
3452150
3453139
3454174
3455172
3456171
3457170
3458071
3459071
3459889
3460936
3461940
3462942
3463931
3464963
3465952
3466955
3467785
3468830
3469836
3470827
3471829
3472874
3474699
3475710
3476555
3477583
3478615
3479619
3480622
3481619
3482670
3483684
3484695
3485723
3486764
3487655
3488650
3489662
3490742
3491763
3492752
3493796
3494861
3495879
3496958
3498795
3499863
3500945
3501768
3502793
3503811
3504912
3505934
3506955
3508001
3508959
3509731
3510766
3511709
3512763
3513797
3514815
3515862
3516942
3517713
3518791
3519807
3520863
3522702
3523721
3524723
3525733
3526517
3527516
3528505
3529354
3530391
3531394
3532400
3533402
3534404
3535423
3536423
3537430
3538616
10771
215103
419536
619872
820214
1021230
1221546
1421864
1622178
1822500
2022908
2223258
2423669
2624019
2824534
3024874
3225267
3539559
3671825
3718510
3719255
3719965
3720718
3721444
3722156
3722874
3723592
3724230
3724968
3725688
3726399
3727112
3727811
3728533
3729256
3729874
3730603
3731340
3732070
3732802
3733523
3734275
3736204
3736784
3737519
3738290
3739009
3739732
3740502
3741241
3741977
3743004
3744136
3745255
3746341
3747448
3748598
3749749
3750856
3751890
3753050
3754212
3755328
3756442
3757569
3758727
3759837
3760832
3762780
3763802
3764839
3765837
3766834
3767833
3768871
3769784
3770799
3771799
3772843
3773938
3774944
3775947
3776987
3777950
3778991
3779992
3781040
3782041
3783047
3784051
3785053
3786510
3787303
3788300
3789301
3790352
3791220
3792218
3793218
3794031
3795049
3796048
3797048
3798055
3799054
3800095
3801103
3801913
3802917
3803914
3804951
3805949
3806949
3807948
3809768
3810734
3811752
3812751
3813748
3814787
3815785
3816784
3817784
3818834
3819849
3820850
3821862
3822888
3823878
3824868
3825742
3826582
3827603
3828625
3829615
3830675
3831669
3833437
3834447
3835465
3836314
3837321
3838316
3839302
3840344
3841354
3842365
3843297
3844182
3845195
3846193
3847201
3848274
3849289
3850343
3851244
3852120
3853151
3854173
3855236
3857048
3858083
3859134
3860187
3860980
3862019
3863081
3864102
3865122
3866211
3867261
3868279
3869237
3870334
3871373
3872401
3873420
3874514
3875533
3876559
3877626
3878706
3879638
3881405
3882432
3883439
3884483
3885485
3886475
3887472
3888307
3889312
3890320
3891327
3892378
3893388
3894391
3895389
3896233
3897250
10540
215001
418792
619100
819412
1020425
1220744
1421058
1621387
1821702
2022018
2222335
2422654
2622976
2823291
3023834
3205882
3207321
3207813
3208524
3209229
3209943
3210651
3211413
3212121
3212591
3213311
3214024
3214735
3215492
3216207
3216919
3217655
3218120
3218829
3219585
3220295
3221001
3221752
3222468
3223198
3223707
3225646
3226373
3226890
3227651
3228369
3229093
3229853
3230353
3231067
3232258
3233417
3234543
3235665
3236793
3237987
3238725
3239844
3240967
3242123
3243238
3244350
3245424
3246562
3247327
3248341
3249456
3251415
3252412
3253446
3254456
3255454
3256288
3257285
3258283
3259281
3260278
3261285
3262285
3263296
3264303
3265321
3266319
3267318
3268315
3269308
3270307
3271186
3272037
3273053
3274907
3275920
3276929
3277977
3278893
3279900
3280713
3281772
3282775
3283777
3284777
3285819
3286822
3287831
3288652
3289478
3290481
3291490
3292500
3293563
3294573
3295573
3296359
3298185
3299172
3300221
3301216
3302281
3303276
3304122
3305126
3306164
3307167
3308169
3309180
3310238
3311226
3312096
3313092
3314130
3315136
3316152
3317156
3318187
3319178
3320018
3321769
3322792
3323853
3324863
3325857
3326872
3327917
3328918
3329940
3330950
3332002
3332996
3334000
3335004
3336039
3337053
3338075
3339096
3340161
3341187
3342222
3343245
3344339
3345671
3346708
3347759
3348800
3349888
3350907
3351978
3352998
3353768
3354821
3355866
3356883
3357937
3358996
3360023
3360793
3361566
3362624
3363641
3364656
3365784
3366811
3367829
3369592
3370622
3371576
3372588
3373597
3374586
3375616
3376572
3377569
3378569
3379484
3380501
3381413
3382417
3383466
3384461
3385482
10482
214924
419294
619626
819943
1020964
1221270
1421590
1621907
1822220
2022546
2222866
2423189
2623598
2823938
3024350
3224695
3328139
3353786
3354508
3355217
3355930
3356647
3357337
3358049
3358766
3359230
3359927
3360637
3361349
3361967
3362678
3363378
3364089
3364574
3365305
3366012
3366736
3367455
3368168
3368891
3369607
3370887
3371581
3372296
3373052
3373769
3374488
3375210
3375940
3376479
3377491
3378648
3379768
3380884
3382010
3383166
3384306
3385420
3386402
3387523
3388697
3389822
3390946
3392065
3393145
3394264
3395378
3397378
3398376
3399285
3400338
3401334
3402331
3403329
3404288
3405305
3406301
3407339
3408338
3409337
3410335
3411325
3412290
3413198
3414195
3415224
3416223
3417221
3418219
3419289
3421148
3422029
3423045
3424051
3425093
3426100
3427100
3428111
3429006
3429857
3430872
3431905
3432957
3433966
3434964
3435964
3437007
3437808
3438826
3439856
3440899
3441909
3442908
3444614
3445639
3446589
3447608
3448606
3449605
3450728
3451724
3452721
3453700
3454763
3455764
3456721
3457718
3458747
3459736
3460738
3461666
3462715
3463612
3464607
3465613
3466640
3468408
3469417
3470306
3471365
3472362
3473358
3474388
3475386
3476407
3477419
3478282
3479345
3480350
3481219
3482224
3483275
3484287
3485294
3486172
3487277
3488305
3489332
3490406
3492194
3493293
3494357
3495345
3496406
3497458
3498584
3499607
3500692
3501739
3502781
3503807
3504772
3505831
3506903
3507922
3508940
3509988
3510997
3512023
3513080
3514098
3515178
3516985
3518002
3519000
3519817
3520868
3521858
3522850
3523852
3524886
3525883
3526884
3527693
3528774
3529778
3530786
3531792
3532756
10450
214904
419099
619424
820017
1021027
1221341
1421661
1622193
1822545
2022980
2223333
2423855
2624199
2824642
3024986
3225398
3375931
3511082
3511792
3512548
3513265
3513899
3514597
3515328
3515946
3516444
3517159
3517876
3518547
3519264
3519982
3520717
3521428
3521935
3522692
3523405
3524093
3524866
3525587
3526312
3527035
3528773
3529480
3530204
3530904
3531620
3532339
3533066
3533775
3534497
3535512
3536685
3537839
3538960
3540077
3541234
3542348
3543461
3544380
3545515
3546683
3547809
3548933
3550098
3551275
3552389
3553294
3555232
3556233
3557273
3558278
3559276
3560275
3561274
3562096
3563093
3564090
3565126
3566125
3567127
3568126
3568945
3569753
3570761
3571770
3572828
3573835
3574844
3575845
3576893
3578327
3579366
3580330
3581370
3582371
3583353
3584358
3585367
3586247
3587264
3588270
3589241
3590249
3591258
3592269
3593309
3594348
3595390
3596434
3597442
3598496
3599496
3600403
3602197
3603224
3604222
3605213
3606212
3607242
3608251
3609240
3610147
3611195
3612197
3613199
3614202
3615225
3616215
3617198
3617979
3619024
3620032
3621034
3622025
3623088
3624090
3625859
3626601
3627613
3628713
3629730
3630746
3631773
3632813
3633828
3634749
3635763
3636808
3637810
3638808
3639811
3640870
3641889
3642744
3643779
3644845
3645871
3646938
3648016
3649859
3650924
3651973
3653043
3654074
3655134
3656197
3657216
3658237
3659234
3660296
3661288
3662323
3663384
3664449
3665469
3666495
3667345
3668356
3669340
3670390
3671407
3672468
3674234
3675262
3676083
3677135
3678146
3679146
3680145
3681182
3682169
3683169
3684134
3685177
3686179
3687187
3688200
3689267
3690275
10753
215318
419700
620030
820365
1021383
1221704
1422026
1622343
1822660
2022981
2223302
2423626
2624129
2824467
3024879
3225157
3665121
3720630
3742627
3743039
3743752
3744460
3745179
3745903
3746624
3747314
3748033
3748804
3749525
3750217
3750965
3751658
3752386
3753132
3753851
3754445
3755194
3755912
3756624
3757469
3758176
3760002
3760738
3761350
3762071
3762759
3763472
3764195
3764914
3765628
3766774
3767674
3768772
3769895
3771049
3772168
3773286
3774421
3775588
3776489
3777479
3778604
3779745
3780920
3782045
3783168
3784287
3785974
3787033
3788065
3789068
3790075
3791123
3792121
3793120
3793992
3795052
3796063
3797062
3798086
3799131
3800164
3801170
3802089
3803148
3804147
3805144
3806142
3807177
3808176
3809986
3810907
3811927
3812968
3813984
3814990
3815987
3817061
3818061
3818978
3819997
3821038
3822042
3823043
3824048
3825088
3826097
3826906
3827922
3828965
3829969
3830969
3831976
3833804
3834869
3835681
3836719
3837728
3838781
3839826
3840837
3841836
3842889
3843766
3844786
3845800
3846857
3847856
3848844
3849881
3850918
3851844
3852848
3853838
3854893
3855884
3857662
3858670
3859686
3860497
3861514
3862507
3863535
3864547
3865553
3866562
3867600
3868406
3869295
3870302
3871331
3872340
3873351
3874363
3875431
3876263
3877325
3878350
3879465
3881289
3882315
3883367
3884431
3885294
3886334
3887407
3888433
3889498
3890377
3891438
3892458
3893309
3894401
3895423
3896437
3897503
3898559
3899588
3900587
3901654
3902669
3903686
3905447
3906465
3907514
3908514
3909435
3910431
3911452
3912439
3913425
3914421
3915369
3916367
3917288
3918326
3919365
3920365
3921363
10712
215140
419582
619921
820236
1021280
1221613
1421959
1622281
1822699
2023043
2223385
2423712
2624177
2824515
3024914
3225257
3399267
3549329
3551265
3551971
3552686
3553397
3554106
3554715
3555423
3555943
3556667
3557377
3557863
3558593
3559307
3559999
3560709
3561181
3561911
3562621
3563337
3564047
3564759
3565475
3566156
3567261
3568030
3568745
3569457
3570205
3570937
3571658
3572419
3572923
3574050
3574864
3576021
3577085
3578199
3579318
3580487
3581252
3582378
3583503
3584664
3585796
3586546
3587680
3588834
3589593
3590727
3592653
3593654
3594693
3595693
3596517
3597526
3598367
3599386
3600416
3601425
3602462
3603460
3604457
3605454
3606486
3607413
3608429
3609425
3610472
3611471
3612468
3613464
3614497
3616008
3616942
3617939
3618949
3619987
3620986
3621992
3622996
3624055
3625075
3626036
3627045
3628097
3629105
3630111
3631112
3631946
3632962
3633963
3634965
3636005
3636875
3637903
3639703
3640492
3641508
3642505
3643508
3644559
3645557
3646565
3647575
3648349
3649367
3650403
3651403
3652426
3653414
3654400
3655401
3656189
3657201
3658204
3659194
3660223
3661215
3662990
3664000
3664762
3665787
3666734
3667727
3668682
3669674
3670683
3671702
3672589
3673600
3674597
3675602
3676645
3677662
3678675
3679696
3680599
3681639
3682673
3683698
3684771
3686596
3687518
3688569
3689358
3690436
3691459
3692521
3693555
3694622
3695626
3696685
3697435
3698354
3699415
3700468
3701486
3702565
3703623
3704640
3705395
3706509
3707554
3708571
3710345
3711362
3712405
3713417
3714337
3715344
3716371
3717359
3718346
3719345
3720377
3721375
3722256
3723274
3724267
3725277
3726285
10551
215141
419321
619930
820270
1022370
1222698
1423263
1623602
1824173
2024604
2225156
2425588
2626138
2826594
3027169
3227581
3522152
3655112
3705598
3724912
3725598
3726074
3726712
3727430
3728142
3728789
3729488
3730251
3730965
3731574
3732327
3733024
3733743
3734512
3735230
3735942
3736701
3737357
3738092
3738815
3739537
3741421
3742155
3742892
3743606
3744236
3744955
3745683
3746399
3747133
3748289
3749400
3750562
3751684
3752759
3753879
3754989
3756108
3757221
3758382
3759363
3760483
3761506
3762685
3763798
3764909
3766024
3767979
3769033
3769998
3770842
3771860
3772896
3773904
3774911
3775918
3776956
3777965
3778771
3779781
3780822
3781826
3782833
3783836
3784879
3785891
3786703
3787729
3788791
3789799
3791621
3792619
3793630
3794669
3795566
3796595
3797593
3798633
3799734
3800693
3801687
3802746
3803758
3804724
3805723
3806757
3807756
3808754
3809763
3810796
3811805
3812803
3813802
3815623
3816688
3817686
3818685
3819610
3820623
3821636
3822634
3823633
3824680
3825687
3826694
3827540
3828599
3829592
3830580
3831583
3832655
3833666
3834680
3835484
3836532
3837526
3839291
3840310
3841321
3842376
3843370
3844179
3845185
3846179
3847189
3848240
3849249
3850269
3851261
3852190
3853192
3854189
3855196
3856217
3857239
3858305
3859329
3860270
3861335
3863151
3864172
3865220
3866283
3867260
3868333
3869403
3870437
3871347
3872249
3873297
3874333
3875367
3876468
3877296
3878334
3879353
3880442
3881470
3882496
3883560
3884666
3885488
3887268
3888307
3889314
3890364
3891368
3892361
3893361
3894163
3895171
3896181
3897178
3898186
3899184
3900217
3901178
3902000
3902995
10552
215122
419515
619856
820383
1021400
1221718
1422077
1622422
1822755
2023071
2223401
2423719
2624254
2824750
3025255
3225760
3426276
3751334
3857349
3934157
3984588
4006053
4006775
4007495
4008265
4008977
4009695
4010417
4011119
4011595
4012348
4013047
4013758
4014466
4015014
4015718
4016439
4016924
4017653
4018407
4019127
4021025
4021758
4022476
4023192
4023683
4024406
4024980
4025694
4026410
4027532
4028636
4029762
4030507
4031631
4032744
4033805
4034916
4035629
4036737
4037868
4038613
4039592
4040764
4041886
4043010
4044174
4046042
4047058
4047931
4048951
4050028
4051039
4052101
4053100
4054147
4055162
4056009
4057015
4058055
4059055
4060053
4061051
4062090
4063090
4063891
4064848
4065884
4066893
4067893
4069458
4070509
4071508
4072313
4073275
4074323
4075326
4076327
4077329
4078372
4079374
4080188
4081206
4082248
4083257
4084266
4085268
4086144
4087142
4087954
4088972
4090014
4091024
4092817
4093818
4094816
4095793
4096759
4097771
4098720
4099765
4100757
4101756
4102781
4103646
4104609
4105618
4106625
4107615
4108617
4109622
4110669
4111676
4112626
4113639
4114672
4116482
4117491
4118509
4119516
4120560
4121500
4122507
4123510
4124562
4125582
4126599
4127584
4128622
4129375
4130405
4131413
4132479
4133494
4134526
4135559
4136581
4137355
4138220
4140014
4141040
4142177
4143240
4144271
4145306
4146150
4147190
4148051
4149099
4150217
4151233
4152249
4153308
4154106
4155141
4156170
4157218
4158274
4159301
4160358
4161393
4162180
4163993
4165009
4166024
4167024
4168064
4169053
4170040
4170765
4171602
4172616
4173612
4174646
4175648
4176647
4177657
4178408
4179414
10392
214280
418069
618378
818689
1019707
1220022
1420338
1620653
1820980
2021299
2221624
2421937
2622244
2822557
3022866
3333084
3333666
3334401
3335135
3335871
3336580
3337339
3338093
3338772
3339463
3340174
3340892
3341613
3342334
3343036
3343767
3344468
3345037
3345750
3346471
3347190
3347910
3348624
3349345
3350101
3350739
3352646
3353380
3354092
3355009
3355723
3356447
3357202
3357926
3358649
3359807
3360872
3362004
3363116
3364229
3365219
3366171
3367310
3368436
3369603
3370706
3371842
3372964
3374067
3375023
3376159
3377273
3379197
3380206
3381252
3382261
3383268
3384073
3385127
3386135
3387133
3388143
3389193
3390191
3391195
3392192
3393265
3394265
3395262
3396463
3397513
3398531
3399538
3400615
3401652
3403500
3404498
3405504
3406501
3407536
3408558
3409480
3410488
3411543
3412541
3413537
3414535
3415569
3416568
3417477
3418479
3419519
3420485
3421492
3422499
3423539
3424463
3425306
3427040
3428040
3429089
3430091
3431091
3432088
3433127
3433937
3434976
3435979
3437054
3438058
3439071
3440061
3441103
3441909
3442773
3443821
3444845
3445860
3446862
3447853
3448853
3450484
3451490
3452496
3453544
3454537
3455530
3456530
3457565
3458447
3459456
3460347
3461395
3462391
3463387
3464379
3465428
3466445
3467389
3468419
3469479
3470504
3471527
3472589
3474405
3475426
3476499
3477544
3478547
3479618
3480682
3481706
3482730
3483775
3484866
3485886
3486859
3487929
3488928
3489959
3490980
3491831
3492868
3493890
3494958
3495978
3497041
3498800
3499855
3500665
3501704
3502702
3503696
3504683
3505710
3506698
3507685
3508643
3509681
3510678
3511679
3512676
3513719
3514718
10818
215279
423358
623695
824110
1025953
1226296
1426738
1627176
1827637
2028134
2228595
2429064
2629529
2830050
3030559
3231003
3396243
3578989
3629635
3680262
3703632
3704097
3704810
3705554
3706257
3706979
3707675
3708391
3709090
3709563
3710271
3710978
3711559
3712269
3712969
3713675
3714390
3714855
3715567
3716275
3716974
3718840
3719554
3720271
3720947
3721434
3722142
3722860
3723577
3724301
3725413
3726536
3727702
3728392
3729524
3730638
3731809
3732934
3734045
3735167
3736294
3737048
3738174
3739306
3740224
3741397
3742515
3744444
3745273
3745940
3746942
3747950
3748947
3750022
3751087
3752081
3753076
3753948
3754945
3755943
3756941
3757939
3758935
3759932
3760930
3761743
3762740
3763753
3764751
3765791
3767652
3768651
3769649
3770461
3771513
3772520
3773527
3774535
3775575
3776583
3777586
3778459
3779517
3780525
3781533
3782532
3783571
3784580
3785581
3786454
3787513
3788521
3789529
3791333
3792354
3793403
3794402
3795215
3796251
3797285
3798284
3799282
3800317
3801360
3802155
3802970
3803975
3804959
3805987
3806989
3807993
3809035
3810041
3810848
3811858
3812714
3814485
3815494
3816502
3817504
3818498
3819340
3820337
3821372
3822300
3823319
3824325
3825353
3826353
3827209
3828217
3829271
3830290
3831341
3832362
3833426
3834460
3835491
3836567
3838398
3839475
3840530
3841593
3842635
3843650
3844690
3845732
3846763
3847853
3848913
3849971
3850985
3852043
3852875
3853773
3854809
3855891
3856908
3857923
3858979
3859997
3861066
3862463
3863499
3864512
3865546
3866539
3867536
3868518
3869350
3870343
3871341
3872337
3873376
3874380
3875378
3876385
3877217
3878220
10493
215090
418872
619206
819543
1020681
1221026
1421410
1621743
1822141
2022464
2222976
2423328
2624001
2824496
3024847
3225372
3425803
3626274
3790399
4034274
4167100
4206135
4206854
4207565
4208283
4209015
4209726
4210312
4211019
4211617
4212349
4213041
4213749
4214469
4215183
4215899
4216611
4217201
4217927
4218643
4219398
4221338
4222066
4222780
4223532
4224135
4224866
4225623
4226344
4227062
4228236
4229425
4230550
4231525
4232647
4233808
4234927
4236052
4237226
4238375
4239545
4240668
4241774
4242822
4243990
4245104
4246215
4248138
4249162
4250205
4251163
4252187
4253196
4254192
4255188
4256185
4257182
4258180
4259177
4260183
4261189
4262186
4263197
4264195
4265202
4266198
4267196
4268042
4269057
4270080
4271961
4272977
4273978
4274976
4276018
4276851
4277869
4278869
4279916
4280925
4281899
4282899
4283932
4284742
4285758
4286718
4287774
4288817
4289825
4290825
4291906
4292931
4293944
4295744
4296770
4297807
4298816
4299849
4300840
4301835
4302707
4303703
4304705
4305745
4306753
4307754
4308742
4309683
4310690
4311692
4312697
4313786
4314791
4315781
4316772
4317717
4319540
4320572
4321589
4322638
4323646
4324641
4325637
4326441
4327503
4328514
4329531
4330526
4331569
4332579
4333583
4334401
4335467
4336479
4337512
4338545
4339615
4340640
4341705
4343115
4344157
4345261
4346317
4347353
4348388
4349489
4350506
4351458
4352504
4353492
4354511
4355529
4356588
4357554
4358574
4359519
4360568
4361628
4362645
4363705
4364711
4365771
4367583
4368447
4369465
4370465
4371507
4372502
4373489
4374271
4375054
4375864
4376874
4377914
4378917
4379925
4380931
4381979
4382982
10409
214995
419190
619545
819873
1020858
1221173
1421455
1621769
1822159
2022508
2222814
2423128
2623481
2823893
3024339
3224781
3375122
3476496
3476902
3477681
3478346
3479052
3479816
3480532
3481161
3481923
3482510
3483239
3483992
3484710
3485423
3486129
3486863
3487586
3488185
3488883
3489593
3490265
3490989
3491703
3492430
3494378
3495063
3495795
3496528
3497285
3498008
3498734
3499490
3500184
3501270
3502381
3503533
3504655
3505776
3506891
3508043
3509048
3509955
3511084
3512236
3513345
3514457
3515574
3516689
3517844
3518751
3520515
3521526
3522533
3523566
3524573
3525579
3526586
3527666
3528485
3529405
3530431
3531485
3532483
3533490
3534496
3535531
3536532
3537350
3538355
3539321
3540328
3541327
3542275
3544122
3545124
3546117
3547126
3548161
3549160
3550191
3551201
3552246
3553239
3554237
3555232
3556268
3557280
3558277
3559273
3560250
3561184
3562204
3563202
3564242
3565240
3566239
3568039
3568852
3569726
3570746
3571746
3572751
3573788
3574797
3575805
3576617
3577675
3578690
3579703
3580687
3581717
3582707
3583711
3584528
3585587
3586595
3587590
3588586
3589620
3591433
3592453
3593273
3594293
3595288
3596282
3597286
3598294
3599305
3600349
3601267
3602279
3603272
3604266
3605269
3606335
3607376
3608389
3609332
3610301
3611340
3612376
3613440
3615244
3616307
3617358
3618328
3619370
3620359
3621469
3622493
3623526
3624577
3625672
3626473
3627522
3628573
3629648
3630675
3631577
3632649
3633710
3634579
3635650
3636669
3637735
3639547
3640568
3641343
3642363
3643120
3644079
3645075
3646107
3647094
3648093
3649091
3650161
3651084
3652081
3653078
3654116
3655113
10468
214775
419089
619407
819712
1020716
1221049
1421347
1621662
1821966
2022283
2222624
2422941
2623256
2823659
3023999
3224413
3416156
3427699
3428428
3429186
3429910
3430634
3431390
3431831
3432551
3433318
3434050
3434765
3435478
3436201
3436898
3437595
3438303
3438913
3439665
3440385
3441103
3441831
3442441
3443160
3443890
3445431
3446170
3446897
3447610
3448345
3449073
3449837
3450542
3451219
3452341
3453464
3454574
3455691
3456811
3457925
3459082
3460106
3461229
3462345
3463404
3464523
3465644
3466757
3467873
3468887
3470031
3471964
3472962
3473996
3475040
3476038
3477039
3478002
3479052
3480084
3481087
3482094
3483015
3484015
3485024
3485839
3486899
3487907
3488914
3489945
3490996
3491993
3492996
3493813
3495488
3496508
3497506
3498505
3499540
3500602
3501596
3502452
3503383
3504380
3505390
3506387
3507398
3508396
3509392
3510351
3511432
3512432
3513428
3514534
3515574
3516572
3517570
3519273
3520297
3521336
3522337
3523345
3524249
3525290
3526289
3527181
3528215
3529259
3530262
3531267
3532264
3533302
3534297
3535145
3536074
3537143
3538161
3539155
3540149
3541182
3543000
3544019
3544953
3545884
3546940
3547945
3548950
3549978
3551027
3552035
3553057
3553870
3554906
3555902
3556895
3557902
3558961
3559972
3560995
3561826
3562897
3563920
3564810
3566591
3567656
3568707
3569759
3570681
3571759
3572830
3573861
3574891
3575873
3576963
3577985
3578875
3579954
3581022
3582043
3583063
3584120
3585178
3586132
3586991
3588026
3589115
3590931
3591950
3592952
3593931
3595014
3595822
3596743
3597742
3598730
3599763
3600720
3601717
3602714
3603710
3604523
3605567
3606495
9621
214205
417993
618306
818617
1019623
1219946
1420290
1620614
1820943
2021271
2221630
2421947
2622293
2822629
3022965
3223440
3656834
3722297
3765571
3766286
3766974
3767684
3768408
3769177
3769894
3770604
3771129
3771851
3772575
3773330
3774048
3774741
3775489
3776200
3776871
3777624
3778343
3779073
3779790
3780514
3781233
3783134
3783741
3784452
3785181
3785896
3786612
3787343
3788060
3788792
3789695
3790832
3791982
3793137
3794253
3795366
3796462
3797624
3798527
3799695
3800793
3801940
3803099
3804212
3805322
3806384
3807322
3809310
3810310
3811308
3812305
3813345
3814343
3815339
3816287
3817343
3818341
3819306
3820305
3821344
3822352
3823359
3824203
3825285
3826286
3827283
3828291
3829341
3830339
3831340
3833174
3834188
3835237
3836246
3837238
3838242
3839291
3840299
3841189
3842209
3843246
3844246
3845246
3846010
3847048
3848046
3848779
3849865
3850855
3851849
3852846
3853823
3854821
3856612
3857353
3858364
3859401
3860399
3861397
3862395
3863430
3864428
3865437
3866381
3867422
3868437
3869424
3870422
3871429
3872432
3873222
3874248
3875304
3876304
3877318
3878323
3880123
3881186
3881953
3882991
3883994
3884997
3886035
3886787
3887880
3888894
3889660
3890672
3891707
3892698
3893692
3894700
3895757
3896766
3897813
3898844
3899938
3900952
3902009
3903802
3904756
3905849
3906705
3907722
3908741
3909843
3910865
3911886
3912933
3914003
3914943
3915977
3917035
3918053
3919126
3920145
3921192
3922177
3923069
3924144
3925172
3926191
3928017
3929082
3930085
3931094
3932096
3933138
3934134
3935124
3936109
3937149
3938148
3939148
3940129
3941183
3942181
3943179
3944180
10747
215312
419764
620100
820441
1021529
1221879
1422197
1622612
1822943
2023502
2223940
2424491
2624963
2825652
3026336
3226948
3427496
3628122
3828701
4163327
4271679
4372068
4424780
4475096
4509235
4509902
4510599
4511311
4512022
4512753
4513464
4514157
4514822
4515551
4516265
4516977
4517724
4518430
4519146
4519905
4520511
4522330
4523051
4523814
4524524
4525242
4526008
4526727
4527333
4528060
4529191
4530319
4531454
4532642
4533802
4534927
4536053
4537024
4538204
4539332
4540451
4541696
4542815
4543908
4545023
4545991
4547108
4549065
4550161
4551154
4552093
4553092
4554145
4555103
4556120
4557117
4558169
4559167
4560163
4561163
4562126
4563093
4564111
4565108
4566149
4567147
4568143
4569141
4570181
4571027
4572683
4573684
4574682
4575721
4576722
4577730
4578732
4579606
4580643
4581652
4582652
4583698
4584656
4585664
4586634
4587445
4588463
4589464
4590506
4591504
4592376
4593385
4594437
4596189
4597208
4598221
4599220
4600286
4601296
4602268
4603278
4604287
4605296
4606299
4607300
4608341
4609339
4610327
4611316
4612174
4613160
4614071
4615076
4616108
4617100
4618092
4619857
4620678
4621745
4622758
4623756
4624762
4625798
4626801
4627821
4628643
4629717
4630717
4631692
4632697
4633731
4634758
4635778
4636600
4637636
4638674
4639714
4640748
4641895
4643404
4644428
4645279
4646380
4647404
4648446
4649542
4650553
4651571
4652627
4653559
4654577
4655594
4656653
4657670
4658688
4659568
4660628
4661538
4662574
4663632
4664648
4665664
4667425
4668479
4669482
4670295
4671313
4672343
4673340
4674328
4675313
4676353
4677354
4678167
4679185
4680233
4681241
4682252
4683260
10676
214692
418545
618853
819180
1020177
1220491
1420806
1621120
1821435
2021751
2222069
2422393
2622714
2823030
3023355
3428878
3456857
3457560
3458265
3458958
3459679
3460407
3461114
3461875
3462514
3463266
3463976
3464683
3465440
3466154
3466728
3467462
3468066
3468794
3469555
3470268
3470980
3471694
3472406
3473125
3473724
3475707
3476440
3477047
3477767
3478483
3479207
3479929
3480514
3481091
3482225
3483387
3484502
3485623
3486754
3487920
3489067
3490184
3491311
3492466
3493629
3494742
3495871
3496989
3498104
3499274
3500468
3502397
3503397
3504393
3505431
3506429
3507316
3508129
3509175
3510183
3511192
3512212
3513249
3514248
3515233
3516078
3516999
3517913
3518912
3519950
3520948
3521955
3522953
3523729
3525592
3526605
3527513
3528519
3529567
3530577
3531577
3532481
3533569
3534578
3535575
3536583
3537628
3538629
3539632
3540364
3541415
3542415
3543414
3544426
3545469
3546478
3547484
3548746
3549766
3550752
3551757
3552754
3553790
3554788
3555787
3556545
3557468
3558262
3559262
3560264
3561295
3562284
3563271
3564005
3565013
3565996
3567001
3567993
3568857
3569848
3571615
3572355
3573421
3574430
3575424
3576424
3577464
3578464
3579475
3580214
3581268
3582264
3582963
3584008
3585003
3586015
3587022
3587763
3588667
3589702
3590718
3591827
3592886
3594678
3595696
3596612
3597733
3598715
3599781
3600784
3601841
3602857
3603861
3604918
3605986
3607002
3608070
3609084
3610006
3611026
3611988
3613019
3614036
3615094
3616110
3617127
3618807
3619861
3620745
3621753
3622754
3623798
3624799
3625796
3626786
3627735
3628545
3629551
3630447
3631485
3632492
3633498
3634506
10520
219766
423973
624465
824970
1026421
1226790
1427220
1627572
1828003
2028348
2228785
2429127
2629605
2829994
3030444
3230870
3506775
3557622
3562923
3563593
3564334
3565051
3565807
3566523
3567240
3567972
3568686
3569352
3570078
3570810
3571520
3572220
3572936
3573652
3574372
3575016
3575746
3576464
3577192
3577923
3578649
3580627
3581236
3581945
3582635
3583423
3584139
3584867
3585636
3586356
3587476
3588597
3589607
3590761
3591878
3593012
3594170
3595355
3596473
3597594
3598712
3599899
3601024
3602147
3603275
3604405
3605563
3607537
3608352
3609371
3610370
3611415
3612430
3613428
3614441
3615477
3616464
3617485
3618483
3619519
3620528
3621536
3622536
3623411
3624331
3625348
3626361
3627407
3628415
3629435
3631238
3632282
3633217
3634215
3635213
3636221
3637222
3638224
3639233
3640233
3641047
3642068
3643068
3644112
3645123
3646132
3647130
3648166
3649087
3650143
3651120
3652153
3653165
3654957
3655955
3656952
3657916
3658922
3659919
3660927
3661965
3662972
3663972
3664972
3666022
3667044
3668031
3669019
3670046
3671048
3672062
3673078
3673935
3674850
3675849
3676845
3678642
3679704
3680722
3681735
3682741
3683582
3684594
3685597
3686615
3687674
3688693
3689688
3690694
3691536
3692548
3693569
3694579
3695652
3696687
3697710
3698693
3699693
3700710
3702462
3703488
3704562
3705664
3706684
3707705
3708565
3709636
3710658
3711706
3712755
3713814
3714858
3715850
3716683
3717758
3718777
3719788
3720807
3721864
3722929
3723948
3724782
3726422
3727509
3728520
3729523
3730526
3731550
3732540
3733536
3734339
3735398
3736398
3737368
3738377
3739410
3740435
3741436
3742253
10716
214719
418655
618968
819282
1020279
1220597
1420915
1621231
1821546
2021856
2222172
2422489
2622800
2823135
3023449
3296523
3310848
3311577
3312294
3313004
3313712
3314446
3315165
3315632
3316357
3317065
3317833
3318518
3319229
3319836
3320553
3321243
3321993
3322694
3323411
3324169
3324895
3325615
3326098
3326828
3327547
3329469
3330175
3330910
3331628
3332344
3332820
3333550
3334301
3335016
3336127
3337233
3338393
3339489
3340206
3341307
3342457
3343566
3344705
3345815
3346941
3348103
3349005
3350163
3351267
3352438
3353548
3355480
3356474
3357285
3358329
3359324
3360320
3361317
3362378
3363399
3364396
3365414
3366469
3367469
3368467
3369418
3370325
3371323
3372327
3373291
3374349
3375351
3376258
3377218
3379065
3380022
3381032
3381851
3382873
3383923
3384924
3385925
3386935
3387989
3388998
3389810
3390647
3391647
3392647
3393646
3394673
3395674
3396674
3397487
3398535
3399570
3400561
3402351
3403351
3404390
3405389
3406202
3407208
3408247
3409245
3410244
3411040
3412081
3413106
3414040
3415049
3416093
3417083
3418094
3419101
3420150
3421157
3422049
3423059
3424093
3425905
3426913
3427930
3428911
3429946
3430815
3431785
3432780
3433830
3434850
3435876
3436861
3437895
3438677
3439692
3440703
3441712
3442739
3443762
3444797
3445549
3446321
3447401
3449215
3450307
3451363
3452406
3453428
3454483
3455297
3456333
3457356
3458441
3459500
3460537
3461380
3462477
3463516
3464546
3465563
3466650
3467667
3468692
3469751
3470767
3471698
3473450
3474469
3475472
3476520
3477524
3478522
3479488
3480356
3481352
3482309
3483318
3484311
3485312
3486313
3487319
3488316
3489337
10650
215094
419290
619547
819854
1020841
1221153
1421468
1621783
1822230
2022566
2222894
2423215
2623673
2824104
3024591
3225026
3394055
3494519
3544990
3551164
3551877
3552597
3553308
3554019
3554735
3555451
3556164
3556844
3557514
3558244
3558954
3559643
3560355
3561060
3561777
3562498
3563213
3563920
3564632
3565397
3566111
3568011
3568698
3569463
3570173
3570897
3571664
3572375
3573099
3573815
3574795
3575929
3577060
3578231
3579406
3580527
3581667
3582784
3583709
3584838
3585873
3586997
3588174
3589338
3590459
3591568
3592691
3594679
3595527
3596541
3597540
3598548
3599591
3600620
3601628
3602442
3603498
3604496
3605492
3606490
3607530
3608527
3609524
3610413
3611314
3612330
3613328
3614326
3615366
3616365
3618177
3619179
3620150
3621062
3622067
3623075
3624116
3625124
3626126
3627127
3628128
3629011
3630048
3630971
3632032
3633031
3634001
3635022
3636072
3636962
3637981
3638981
3640023
3641998
3642998
3643997
3644994
3645834
3646873
3647879
3648888
3649954
3650952
3651804
3652807
3653671
3654666
3655654
3656641
3657681
3658479
3659482
3660487
3661324
3662225
3663217
3664983
3666053
3667061
3668068
3669070
3670020
3671032
3671889
3672901
3673973
3674992
3675860
3676855
3677802
3678817
3679827
3680841
3681901
3682871
3683896
3684932
3685787
3686869
3688655
3689694
3690753
3691847
3692776
3693707
3694567
3695648
3696671
3697718
3698768
3699852
3700863
3701850
3702694
3703758
3704775
3705829
3706845
3707899
3708958
3709973
3710892
3712695
3713769
3714771
3715781
3716774
3717802
3718790
3719593
3720599
3721643
3722494
3723501
3724500
3725547
3726554
3727522
3728512
10652
215107
419575
619909
820261
1021299
1221719
1422064
1622388
1822717
2023117
2223535
2423926
2624440
2824824
3025419
3225991
3426421
3627021
3956983
4083267
4183963
4284629
4341085
4391826
4442530
4493229
4541509
4542225
4542933
4543684
4544407
4545106
4545818
4546498
4547043
4547787
4548499
4549198
4549908
4550620
4551340
4553236
4553945
4554603
4555330
4556043
4556754
4557466
4558179
4558889
4560010
4560958
4562014
4563143
4564229
4565347
4566460
4567616
4568726
4569845
4570965
4572012
4573140
4574265
4575390
4576513
4577669
4579641
4580643
4581424
4582442
4583485
4584493
4585502
4586510
4587550
4588558
4589281
4590269
4591297
4592318
4593316
4594316
4595361
4596371
4597116
4598132
4599130
4600182
4601166
4602970
4604009
4605007
4605773
4606775
4607810
4608808
4609806
4610805
4611844
4612854
4613587
4614600
4615369
4616366
4617365
4618372
4619413
4620412
4621256
4622274
4623313
4624321
4626122
4627124
4628124
4629123
4629876
4630889
4631933
4632652
4633650
4634661
4635720
4636732
4637480
4638486
4639526
4640527
4641540
4642570
4643617
4644619
4645361
4646358
4647391
4649147
4650184
4651191
4652198
4653032
4653776
4654781
4655838
4656846
4657855
4658864
4659894
4660889
4661648
4662661
4663664
4664673
4665683
4666480
4667538
4668560
4669311
4670387
4672200
4673213
4674273
4675326
4676358
4677424
4678197
4679235
4680256
4681353
4682419
4683447
4684298
4685435
4686376
4687407
4688428
4689540
4690568
4691585
4692642
4693418
4694167
4695933
4696952
4698012
4699024
4700060
4701055
4702090
4702962
4703969
4704966
4706005
4707003
4708001
4708998
4710036
4710920
4711939
10861
217383
421839
622365
822722
1024501
1225002
1425518
1625870
1826385
2026802
2227348
2427769
2628320
2828848
3029385
3229813
3430278
3580726
3699397
3699837
3700541
3701244
3701963
3702467
3703176
3703905
3704610
3705093
3705803
3706516
3707223
3707914
3708627
3709341
3710064
3710554
3711277
3711989
3712718
3713429
3714140
3716036
3716772
3717388
3718005
3718741
3719466
3720187
3720931
3721650
3722769
3723840
3724984
3726152
3727277
3728592
3729716
3730866
3732049
3732986
3734125
3735251
3736416
3737601
3738564
3739687
3740814
3742471
3743494
3744504
3745496
3746549
3747550
3748548
3749546
3750644
3751642
3752555
3753562
3754622
3755630
3756628
3757558
3758615
3759617
3760615
3761613
3762662
3763661
3764659
3766092
3767096
3768137
3768948
3769946
3770962
3772000
3773020
3773834
3774848
3775899
3776900
3777910
3778916
3779785
3780784
3781627
3782683
3783685
3784686
3785693
3786699
3787702
3789497
3790418
3791424
3792483
3793478
3794477
3795473
3796541
3797540
3798402
3799416
3800460
3801460
3802460
3803448
3804474
3805486
3806498
3807503
3808545
3809536
3810526
3811519
3813324
3814393
3815413
3816442
3817436
3818470
3819461
3820454
3821478
3822328
3823348
3824352
3825346
3826380
3827376
3828385
3829403
3830256
3831117
3832153
3833176
3834247
3835323
3837113
3838147
3839191
3840083
3841078
3842099
3843160
3844242
3845265
3846335
3847396
3848326
3849364
3850458
3851445
3852498
3853517
3854563
3855579
3856640
3857723
3858693
3859710
3861646
3862706
3863719
3864729
3865543
3866582
3867569
3868555
3869541
3870549
3871555
3872551
3873359
3874414
3875422
3876393
3877394
10555
219110
423465
623950
824314
1026013
1226575
1427218
1627646
1828215
2028759
2229406
2429838
2630333
2830782
3031384
3231979
3432646
3782131
3932744
4035922
4136597
4274833
4325537
4376190
4426852
4477198
4477919
4478628
4479332
4480048
4480750
4481465
4482023
4482762
4483510
4484246
4484962
4485683
4486408
4487123
4487856
4489711
4490432
4491238
4491957
4492672
4493422
4494138
4494833
4495608
4496723
4497848
4498961
4500136
4501175
4502286
4503170
4504181
4505375
4506489
4507602
4508715
4509864
4510795
4511907
4512813
4513744
4515705
4516705
4517704
4518701
4519738
4520617
4521441
4522436
4523473
4524482
4525490
4526487
4527532
4528534
4529347
4530362
4531203
4532215
4533215
4534212
4535250
4536259
4537263
4539083
4540092
4540981
4541979
4542988
4543985
4544984
4545950
4546972
4547969
4548933
4549965
4550961
4551950
4552946
4553901
4554906
4555905
4556903
4557901
4558898
4559902
4560895
4562321
4563320
4564318
4565355
4566344
4567342
4568351
4569392
4570126
4571146
4572145
4573223
4574232
4575228
4576225
4577267
4578001
4579026
4580036
4581095
4582093
4582876
4583928
4585747
4586486
4587531
4588548
4589587
4590591
4591593
4592560
4593610
4594464
4595484
4596478
4597507
4598515
4599503
4600416
4601459
4602460
4603493
4604524
4605587
4606608
4607669
4609449
4610352
4611454
4612507
4613537
4614567
4615706
4616728
4617750
4618634
4619732
4620751
4621784
4622941
4623971
4624991
4626019
4626980
4628008
4629026
4630094
4631120
4632146
4633945
4634965
4635864
4636885
4637896
4638886
4639883
4640880
4641915
4642923
4643889
4644900
4645929
4646928
4647927
4648924
4649974
8167
212614
417062
617568
817953
1019115
1219467
1419801
1620156
1820801
2021159
2221507
2421853
2622314
2822865
3023207
3223640
3424086
3624562
3824990
3991281
4233354
4292707
4343174
4353872
4354629
4355343
4356052
4356785
4357497
4358205
4358912
4359501
4360237
4360907
4361620
4362342
4363074
4363783
4364504
4365213
4365893
4367792
4368521
4369238
4369958
4370666
4371388
4372107
4372819
4373547
4374704
4375816
4376933
4378056
4379127
4380288
4381409
4382490
4383612
4384754
4385881
4386997
4387940
4389117
4390317
4391439
4392622
4394557
4395568
4396609
4397482
4398502
4399501
4400574
4401626
4402592
4403600
4404643
4405525
4406543
4407542
4408582
4409580
4410577
4411575
4412622
4413618
4414638
4415636
4416681
4418535
4419542
4420539
4421537
4422414
4423429
4424436
4425436
4426477
4427484
4428491
4429500
4430414
4431421
4432369
4433378
4434430
4435438
4436386
4437406
4438412
4439433
4440442
4442244
4443256
4444308
4445317
4446326
4447231
4448287
4449285
4450320
4451321
4452410
4453391
4454404
4455350
4456395
4457383
4458385
4459391
4460438
4461443
4462434
4463384
4464455
4466255
4467265
4468273
4469279
4470250
4471253
4472058
4473072
4474079
4475092
4476104
4477102
4478100
4479104
4479913
4481003
4482017
4483032
4484067
4485086
4486112
4487148
4488001
4489784
4490860
4491953
4493049
4494069
4495089
4496233
4497218
4498258
4499317
4500434
4501451
4502468
4503525
4504583
4505583
4506620
4507667
4508723
4509739
4510796
4511812
4512867
4514290
4515324
4516323
4517334
4518377
4519363
4520360
4521346
4522174
4523143
4524149
4525048
4526047
4527046
4528047
4529049
4529858
10914
215384
419581
619908
820223
1021339
1221647
1422018
1622347
1822760
2023299
2223701
2424211
2624611
2825131
3025688
3226171
3426718
3627233
3967121
4117477
4229674
4330327
4430863
4551423
4601917
4652347
4702725
4715371
4716058
4716832
4717544
4718232
4718989
4719701
4720424
4721179
4721767
4722524
4723277
4723855
4724562
4726486
4727252
4727972
4728570
4729339
4730067
4730750
4731470
4732187
4733312
4734436
4735382
4736518
4737637
4738765
4739883
4741052
4742173
4743288
4744403
4745525
4746667
4747795
4748902
4750054
4751192
4753105
4754066
4755083
4756089
4757128
4758127
4759061
4760060
4761100
4762083
4763094
4764093
4765132
4766132
4767130
4768129
4769166
4769980
4770995
4772006
4773049
4774057
4775059
4776578
4777622
4778390
4779400
4780432
4781480
4782500
4783502
4784511
4785552
4786283
4787314
4788319
4789368
4790370
4791377
4792375
4793237
4793972
4794985
4795994
4797033
4798032
4799858
4800852
4801850
4802591
4803588
4804587
4805626
4806635
4807632
4808634
4809445
4810246
4810978
4811977
4812974
4813963
4814963
4815970
4817046
4818050
4818893
4819906
4820946
4822695
4823716
4824723
4825735
4826730
4827684
4828524
4829579
4830600
4831613
4832622
4833591
4834596
4835591
4836596
4837616
4838635
4839655
4840686
4841719
4842788
4843810
4844890
4846425
4847511
4848575
4849666
4850679
4851706
4852718
4853739
4854573
4855667
4856716
4857736
4858754
4859814
4860874
4861892
4862713
4863667
4864692
4865709
4866768
4867786
4868846
4870623
4871561
4872580
4873640
4874643
4875632
4876628
4877618
4878607
4879520
4880525
4881568
4882578
4883578
4884578
4885620
4886620
11213
215677
420126
620470
820780
1021792
1222115
1422389
1622708
1823013
2023313
2223629
2424011
2624336
2824733
3025071
3225502
3520028
3580946
3617048
3617809
3618519
3619244
3619953
3620663
3621383
3622103
3622825
3623485
3624181
3624924
3625644
3626339
3627068
3627799
3628513
3629145
3629877
3630591
3631373
3632092
3632809
3634777
3635555
3636289
3637017
3637778
3638496
3639209
3639925
3640651
3641755
3642778
3644019
3645125
3646241
3647359
3648483
3649663
3650764
3651781
3652919
3654074
3655187
3656315
3657445
3658566
3659733
3661511
3662530
3663529
3664539
3665613
3666613
3667611
3668609
3669448
3670467
3671466
3672474
3673516
3674527
3675528
3676525
3677363
3678370
3679378
3680419
3681476
3682480
3683481
3684991
3685945
3686954
3687952
3688953
3689991
3690995
3691993
3692994
3693900
3694917
3695925
3696937
3697983
3698982
3700016
3701020
3701876
3702878
3703874
3704878
3705924
3706923
3708708
3709708
3710535
3711499
3712518
3713524
3714522
3715578
3716578
3717580
3718582
3719430
3720450
3721437
3722434
3723507
3724523
3725532
3726444
3727286
3728294
3729291
3730287
3732099
3733108
3734123
3735140
3735964
3736903
3737868
3738866
3739918
3740932
3741941
3742935
3744010
3745020
3745891
3746923
3747971
3748993
3750051
3751082
3752140
3753160
3754138
3755915
3756820
3757921
3758974
3759996
3761016
3762117
3763159
3764202
3765245
3766296
3767350
3768380
3769450
3770469
3771329
3772370
3773427
3774453
3775511
3776570
3777394
3778430
3779977
3781004
3782009
3783011
3784059
3785060
3786062
3786999
3787831
3788840
3789847
3790855
3791891
3792891
3793900
3794906
3795758
10448
214898
418695
619010
819321
1020353
1220670
1420995
1621309
1821623
2021956
2222287
2422702
2623040
2823554
3023894
3224330
3425002
3445679
3446304
3447024
3447734
3448530
3449237
3449984
3450614
3451331
3451970
3452676
3453391
3454103
3454814
3455506
3456209
3456922
3457620
3458351
3459058
3459775
3460493
3461205
3461926
3463821
3464401
3465111
3465832
3466550
3467262
3467885
3468595
3469314
3470151
3471275
3472393
3473514
3474691
3475812
3476930
3478054
3478858
3479989
3481113
3481938
3483058
3484217
3485339
3486465
3487306
3489277
3490327
3491328
3492336
3493345
3494382
3495393
3496151
3497159
3497924
3498932
3499960
3500955
3501962
3502959
3503716
3504757
3505755
3506754
3507751
3508533
3509530
3510528
3511853
3512870
3513867
3514865
3515864
3516870
3517867
3518879
3519632
3520689
3521689
3522701
3523709
3524765
3525776
3526797
3527543
3528506
3529505
3530504
3531505
3532496
3533270
3534531
3535557
3536607
3537596
3538608
3539602
3540645
3541649
3542418
3543427
3544480
3545477
3546480
3547464
3548494
3549511
3550415
3551419
3552459
3553464
3554447
3555437
3556469
3557761
3558776
3559516
3560555
3561572
3562547
3563498
3564535
3565301
3566316
3567284
3568306
3569302
3570114
3571095
3572150
3572894
3573909
3574939
3575964
3577008
3578023
3579088
3580917
3581820
3582899
3583953
3584907
3585932
3586997
3588041
3589074
3590171
3591230
3592249
3593263
3594363
3595379
3596398
3597425
3598319
3599344
3600287
3601344
3602408
3603424
3605181
3606199
3607081
3608132
3609131
3610114
3611101
3612142
3613148
3614145
3615151
3616213
3617211
3618199
3619196
3620257
3621228
10803
215547
419863
620206
820536
1021545
1221853
1422188
1622511
1822826
2023143
2223475
2423990
2624336
2824646
3024981
3225247
3375729
3420912
3421638
3422347
3423063
3423789
3424498
3425072
3425791
3426507
3427237
3427961
3428684
3429439
3430160
3430854
3431615
3432327
3433064
3433819
3434535
3435260
3435901
3436618
3437320
3439148
3439883
3440598
3441315
3442035
3442754
3443480
3444197
3444819
3445932
3447048
3448199
3449356
3450507
3451620
3452734
3453703
3454827
3455940
3456985
3458141
3459271
3460387
3461511
3462417
3463580
3465576
3466576
3467587
3468584
3469624
3470632
3471636
3472519
3473580
3474588
3475596
3476672
3477712
3478710
3479729
3480587
3481645
3482654
3483601
3484610
3485653
3486654
3487653
3489384
3490415
3491462
3492471
3493469
3494477
3495518
3496490
3497460
3498459
3499499
3500482
3501476
3502473
3503510
3504508
3505319
3506324
3507360
3508370
3509377
3510374
3511415
3513206
3514026
3514945
3515997
3517009
3518008
3519005
3520042
3521041
3522047
3522873
3523936
3524942
3525932
3526961
3528000
3529003
3530019
3530952
3531963
3532961
3533961
3534961
3536763
3537845
3538862
3539909
3540749
3541797
3542792
3543787
3544816
3545866
3546877
3547764
3548590
3549620
3550602
3551567
3552586
3553636
3554659
3555681
3556703
3557567
3558632
3560412
3561444
3562493
3563589
3564611
3565630
3566567
3567637
3568655
3569697
3570746
3571805
3572826
3573915
3574745
3575824
3576851
3577877
3578897
3579954
3581023
3582047
3582876
3584550
3585620
3586631
3587656
3588660
3589718
3590709
3591662
3592663
3593700
3594708
3595725
3596723
3597763
3598775
3599729
3600716
10633
215209
419425
619741
820060
1021051
1221371
1421689
1622006
1822320
2022635
2222953
2423310
2623703
2824036
3024553
3224915
3425444
3585711
3781081
3823516
3824161
3824873
3825626
3826335
3827051
3827805
3828522
3829231
3829942
3830629
3831353
3832058
3832770
3833486
3834193
3834910
3835603
3836336
3837050
3837772
3838491
3840436
3841172
3841882
3842477
3843253
3843991
3844590
3845370
3846099
3847176
3848292
3849190
3850348
3851470
3852584
3853752
3854876
3855992
3857109
3858010
3859133
3860242
3861364
3862480
3863650
3864760
3866577
3867391
3868408
3869448
3870448
3871445
3872455
3873506
3874513
3875475
3876493
3877535
3878543
3879544
3880541
3881582
3882583
3883505
3884516
3885558
3886578
3887585
3888597
3890441
3891483
3892364
3893383
3894382
3895434
3896456
3897467
3898466
3899499
3900350
3901350
3902358
3903392
3904392
3905384
3906381
3907409
3908168
3909170
3910167
3911158
3912156
3913939
3914939
3915972
3916744
3917767
3918765
3919796
3920794
3921795
3922806
3923852
3924584
3925553
3926548
3927569
3928567
3929550
3930558
3931596
3932614
3933577
3934329
3935365
3936972
3937990
3939003
3940060
3941063
3942056
3942787
3943860
3944881
3945901
3946919
3947974
3948970
3950005
3950735
3951796
3952804
3953813
3954835
3955899
3956923
3957944
3958721
3960542
3961608
3962658
3963711
3964745
3965817
3966667
3967441
3968282
3969370
3970421
3971440
3972460
3973573
3974602
3975589
3976629
3977686
3978709
3979728
3980798
3981856
3982885
3984336
3985377
3986379
3987404
3988415
3989402
3990391
3991419
3992259
3993279
3994276
3995315
3996325
3997324
3998321
3999362
4000225
10226
214667
418758
619101
819408
1020440
1220855
1421188
1621504
1821813
2022193
2222532
2422791
2623133
2823441
3023797
3265831
3272031
3272688
3273314
3274070
3274782
3275508
3276220
3276942
3277658
3278290
3279021
3279744
3280459
3281202
3281924
3282632
3283340
3283969
3284640
3285370
3286093
3286838
3287521
3288262
3288980
3290945
3291651
3292386
3293096
3293935
3294703
3295460
3296214
3296940
3297957
3299077
3300259
3301367
3302481
3303592
3304718
3305884
3306886
3308003
3309136
3310287
3311418
3312532
3313652
3314768
3315917
3317910
3318919
3319917
3320929
3321965
3322926
3323924
3324863
3325920
3326943
3327950
3328962
3330017
3331021
3332021
3332833
3333891
3334898
3335897
3336906
3337946
3338967
3339976
3341484
3342524
3343545
3344544
3345557
3346555
3347578
3348587
3349654
3350651
3351698
3352697
3353695
3354706
3355753
3356766
3357768
3358779
3359819
3360831
3361829
3362840
3363880
3365536
3366384
3367381
3368419
3369438
3370446
3371456
3372498
3373508
3374431
3375442
3376419
3377444
3378433
3379432
3380464
3381488
3382365
3383379
3384449
3385476
3386494
3387497
3389280
3390342
3391160
3392183
3393175
3394220
3395235
3396243
3397235
3398299
3399131
3400169
3401172
3402203
3403197
3404141
3405165
3406122
3406965
3407994
3409016
3410076
3411153
3412946
3413983
3415032
3416054
3417041
3418076
3419138
3420176
3421197
3422246
3423299
3424368
3425230
3426303
3427214
3428334
3429355
3430416
3431457
3432524
3433376
3434410
3435430
3437138
3438247
3439254
3440255
3441268
3442111
3443137
3444126
3445139
3446195
3447228
3448230
3449248
3450106
3451106
3452104
3453112
10442
218203
422002
622517
822846
1024839
1225164
1425739
1626166
1826765
2027332
2227960
2428395
2628781
2829149
3029620
3230130
3575693
3802613
3865560
3915777
3916508
3917217
3917927
3918640
3919299
3920012
3920720
3921179
3921903
3922614
3923349
3924051
3924757
3925477
3926190
3926696
3927410
3928125
3928845
3929565
3930276
3932216
3932899
3933520
3934243
3934953
3935673
3936396
3937147
3937863
3938995
3939987
3941186
3942325
3943441
3944572
3945723
3946843
3947953
3948873
3950039
3950969
3952084
3953193
3954312
3955463
3956574
3958095
3959100
3960097
3960888
3961884
3962881
3963888
3964885
3965700
3966715
3967767
3968779
3969802
3970800
3971801
3972826
3973829
3974849
3975886
3976895
3977903
3978911
3979911
3981777
3982624
3983629
3984601
3985671
3986694
3987705
3988705
3989750
3990670
3991690
3992698
3993735
3994757
3995766
3996765
3997803
3998690
3999741
4000736
4001558
4002554
4003561
4005358
4006358
4007172
4008191
4009188
4010186
4011189
4012187
4013196
4014197
4014961
4015974
4016976
4017964
4018951
4019939
4020939
4021868
4022636
4023650
4024644
4025675
4026677
4028449
4029422
4030430
4031220
4032232
4033224
4034226
4035271
4036024
4037031
4038043
4038794
4039806
4040810
4041842
4042862
4043889
4044901
4045968
4047004
4048079
4049103
4050201
4051950
4052972
4054018
4054988
4056026
4057086
4058149
4059169
4060190
4061279
4062329
4063188
4064222
4065321
4066340
4067366
4068384
4069480
4070498
4071460
4072539
4073599
4074618
4076383
4077401
4078403
4079457
4080377
4081403
4082400
4083431
4084419
4085426
4086445
4087488
4088362
4089373
4090378
4091417
4092416
10770
215065
419474
619843
820163
1021164
1221499
1421913
1622253
1822575
2022896
2223378
2423821
2624161
2824570
3024911
3225326
3328809
3400954
3401398
3402105
3402812
3403519
3404241
3404949
3405672
3406382
3406844
3407576
3408288
3409001
3409726
3410421
3411133
3411856
3412321
3413027
3413741
3414451
3415161
3415873
3416580
3417882
3418392
3419105
3419857
3420592
3421319
3422034
3422754
3423470
3424259
3425427
3426555
3427682
3428782
3429938
3431051
3432179
3432965
3434139
3435255
3436374
3437501
3438434
3439602
3440713
3441837
3443810
3444825
3445860
3446860
3447858
3448887
3449949
3450944
3451949
3452945
3453981
3454978
3455976
3456973
3457927
3458772
3459775
3460772
3461819
3462817
3463814
3464811
3465850
3467536
3468557
3469561
3470572
3471662
3472664
3473666
3474674
3475630
3476650
3477657
3478605
3479638
3480638
3481645
3482644
3483519
3484556
3485564
3486566
3487613
3488615
3489512
3491312
3492131
3493154
3494152
3494960
3495999
3496999
3497998
3498894
3499761
3500757
3501757
3502759
3503783
3504772
3505760
3506771
3507735
3508742
3509638
3510629
3511680
3512682
3514457
3515485
3516450
3517509
3518502
3519353
3520347
3521340
3522353
3523363
3524340
3525343
3526380
3527382
3528386
3529381
3530391
3531406
3532394
3533465
3534499
3535524
3536598
3538422
3539498
3540402
3541258
3542242
3543276
3544335
3545365
3546385
3547245
3548308
3549140
3550238
3551300
3552328
3553345
3554362
3555457
3556484
3557493
3558549
3559608
3560694
3562455
3563473
3564473
3565376
3566387
3567374
3568360
3569384
3570347
3571345
3572352
3573234
3574249
3575248
3576250
3577263
3578262
10692
215007
419166
619511
819837
1020957
1221303
1421660
1622102
1822554
2022995
2223444
2423878
2624228
2824652
3025083
3225537
3572088
3673934
3804216
3854713
3894464
3894925
3895649
3896373
3897095
3897846
3898566
3899279
3900050
3900769
3901439
3902178
3902892
3903597
3904352
3905067
3905780
3906491
3907156
3907880
3908592
3910512
3911246
3911960
3912672
3913376
3914112
3914838
3915553
3916262
3917377
3918419
3919534
3920658
3921554
3922729
3923887
3925011
3926134
3927266
3928436
3929561
3930451
3931592
3932749
3933929
3935085
3937012
3938014
3938962
3939775
3940769
3941769
3942763
3943774
3944779
3945779
3946774
3947559
3948566
3949567
3950618
3951636
3952588
3953608
3954575
3955583
3956582
3957580
3958627
3960478
3961491
3962489
3963423
3964475
3965475
3966473
3967470
3968503
3969502
3970288
3971097
3972169
3973172
3974173
3975175
3976224
3977225
3978226
3979039
3980119
3981036
3982036
3983831
3984842
3985904
3986912
3987716
3988735
3989736
3990529
3991542
3992583
3993588
3994591
3995406
3996470
3997460
3998450
3999465
4000530
4001516
4002521
4003311
4004204
4005195
4006954
4007972
4008980
4010030
4010992
4011995
4012998
4014034
4015043
4016061
4017070
4018106
4019113
4020108
4021126
4022177
4023196
4024215
4025247
4026323
4027349
4028212
4029295
4031111
4032135
4033183
4034250
4035283
4036354
4037133
4038166
4039191
4040300
4041384
4042407
4043426
4044521
4045321
4046371
4047399
4048487
4049514
4050531
4051588
4052644
4053674
4055432
4056416
4057429
4058470
4059470
4060455
4061259
4062314
4063303
4064299
4065305
4066344
4067345
4068342
4069074
4070124
4071123
