8021
113498
218613
319044
419691
521131
621766
722215
822592
922922
1023186
1123518
1224014
1324350
1424853
1525130
1625652
1726169
1826700
1882253
1893500
1893886
1894597
1895303
1896042
1896764
1897480
1898194
1898707
1899421
1900176
1900881
1901586
1902271
1902971
1903691
1904335
1905056
1905766
1906468
1907187
1907892
1908618
1910547
1911173
1911882
1912591
1913299
1914006
1914651
1915372
1916494
1917400
1918518
1919663
1920773
1921892
1923000
1924157
1925266
1926195
1927291
1928444
1929589
1930701
1931813
1932924
1934068
1935037
1936874
1937878
1938869
1939901
1940893
1941907
1942920
1943974
1944976
1945968
1946959
1947994
1948987
1950014
1951013
1951852
1952848
1953840
1954748
1955776
1956767
1957759
1959547
1960364
1961370
1962360
1963351
1964342
1965333
1966325
1967316
1968158
1969165
1970155
1971155
1972214
1973207
1974197
1975192
1976031
1977023
1978014
1979005
1980037
1981030
1982818
1983811
1984617
1985687
1986690
1987692
1988694
1989725
1990728
1991748
1992714
1993768
1994767
1995763
1996745
1997766
1998783
1999818
2000734
2001775
2002761
2003747
2004730
2006516
2007559
2008560
2009491
2010484
2011470
2012456
2013459
2014460
2015462
2016394
2017264
2018306
2019294
2020281
2021283
2022319
2023323
2024339
2025199
2026272
2027276
2028335
2029352
2030801
2031901
2032948
2033716
2034768
2035876
2036867
2037882
2038925
2040021
2041036
2041959
2043032
2044086
2045128
2046194
2047239
2048281
2049302
2050299
2051306
2052360
2053367
2055104
2056095
2057089
2058116
2059058
2060046
2061044
2062061
2063052
2064043
2065033
2066061
2067019
2067949
2068943
2069973
10274
115924
221632
322068
422694
523833
624392
724730
825242
925579
1026096
1126438
1226953
1327291
1427798
1528134
1628639
1729081
1795314
1799075
1799832
1800537
1801243
1801948
1802647
1803293
1803998
1804474
1805170
1805888
1806598
1807306
1807768
1808454
1809169
1809663
1810385
1811085
1811804
1812512
1813196
1813905
1814612
1815872
1816598
1817324
1818048
1818764
1819484
1820194
1820914
1821900
1823024
1824118
1825233
1826410
1827542
1828663
1829787
1830845
1831996
1833098
1834194
1835314
1836472
1837592
1838709
1839782
1840943
1842816
1843821
1844825
1845816
1846873
1847876
1848833
1849899
1850886
1851875
1852865
1853856
1854889
1855881
1856688
1857695
1858728
1859720
1860731
1861722
1862775
1863768
1864580
1866120
1867129
1868161
1869164
1870154
1871145
1872186
1873187
1873996
1874868
1875869
1876869
1877846
1878879
1879872
1880872
1881882
1882767
1883775
1884732
1885723
1886755
1888578
1889572
1890563
1891484
1892535
1893527
1894518
1895511
1896565
1897584
1898580
1899372
1900450
1901430
1902412
1903395
1904430
1905430
1906428
1907447
1908481
1909466
1910450
1912204
1913219
1914258
1915238
1916232
1917238
1918267
1919262
1920266
1921268
1922313
1923301
1924146
1925151
1926137
1927140
1928154
1929158
1930224
1931251
1932075
1933108
1934214
1935134
1936891
1937940
1938995
1940068
1940895
1941988
1943004
1944069
1945113
1946140
1947152
1948204
1949131
1950198
1951209
1952257
1953300
1954312
1955333
1956408
1957273
1958300
1959309
1961042
1962102
1963096
1963952
1964930
1965738
1966725
1967703
1968734
1969726
1970718
1971710
1972749
1973558
1974566
1975557
10339
115803
220709
321144
421601
522696
623114
723456
823828
924179
1024824
1125196
1225606
1325951
1426373
1526653
1627064
1727416
1827835
1943502
1943900
1944604
1945319
1945974
1946693
1947369
1948081
1948809
1949282
1950032
1950745
1951275
1951981
1952681
1953386
1954089
1954710
1955437
1956141
1956844
1957578
1958286
1959001
1960886
1961482
1962208
1962925
1963636
1964348
1965056
1965766
1966885
1967933
1969058
1970177
1971284
1972403
1973575
1974695
1975803
1976813
1977977
1979087
1980192
1981306
1982421
1983570
1984687
1985578
1987290
1988285
1989277
1990270
1991271
1992262
1993253
1994060
1995088
1996143
1997134
1998126
1999120
2000197
2001117
2002001
2003000
2003956
2004956
2005947
2006938
2007976
2009787
2010597
2011608
2012599
2013630
2014624
2015615
2016605
2017635
2018449
2019373
2020381
2021305
2022302
2023295
2024287
2025277
2026269
2027178
2028259
2029247
2030245
2031238
2033028
2034060
2035062
2035941
2036968
2038002
2038823
2039834
2040834
2041911
2042909
2043729
2044741
2045812
2046796
2047778
2048773
2049812
2050806
2051632
2052619
2053654
2054640
2056412
2057414
2058414
2059220
2060022
2061023
2062050
2063038
2064041
2065043
2066086
2067082
2067901
2068905
2069881
2070885
2071898
2072811
2073870
2074887
2075783
2076817
2077921
2078950
2080718
2081770
2082824
2083881
2084647
2085739
2086764
2087857
2088871
2089933
2090944
2092003
2092808
2093832
2094855
2095904
2096957
2097967
2098995
2099892
2100655
2101662
2102673
2104447
2105486
2106475
2107466
2108440
2109218
2110202
2111194
2112221
2113212
2114197
2115188
2116214
2116992
2117988
2118979
10515
116192
220383
320696
421069
522578
623218
723679
824337
924759
1025278
1125707
1226251
1326652
1427209
1527631
1628080
1728508
1828859
1929281
2073297
2104028
2104730
2105475
2106161
2106865
2107514
2108239
2108952
2109558
2110270
2110986
2111733
2112421
2113129
2113834
2114540
2115128
2115853
2116567
2117225
2117929
2118585
2120462
2121186
2121878
2122606
2123326
2124043
2124754
2125467
2126591
2127774
2128859
2129992
2131101
2132215
2133361
2134478
2135592
2136722
2137690
2138819
2139941
2141054
2142227
2143397
2144519
2145629
2147135
2148146
2149149
2150175
2151164
2152155
2153144
2154049
2155037
2156083
2157074
2158067
2159058
2160085
2161076
2162065
2162873
2163920
2164912
2165902
2166892
2167942
2169762
2170755
2171750
2172743
2173658
2174667
2175660
2176656
2177688
2178661
2179653
2180644
2181553
2182562
2183563
2184565
2185600
2186601
2187601
2188547
2189423
2190431
2191432
2193225
2194219
2195210
2196210
2197215
2198184
2199196
2200221
2201212
2202206
2203200
2204194
2205188
2206174
2207172
2208155
2209148
2210160
2211158
2212155
2213158
2214067
2215066
2216819
2217822
2218823
2219790
2220776
2221763
2222567
2223626
2224630
2225644
2226656
2227692
2228665
2229663
2230499
2231561
2232565
2233579
2234605
2235669
2236689
2237714
2238775
2239658
2241460
2242515
2243562
2244576
2245653
2246711
2247736
2248758
2249790
2250790
2251800
2252830
2253923
2254937
2255950
2256961
2258078
2258943
2259963
2261016
2262066
2263077
2264088
2265825
2266821
2267658
2268669
2269647
2270478
2271508
2272488
2273489
2274464
2275298
2276293
2277293
2278286
2279320
2280310
10531
119353
225052
325666
426258
528107
628550
729091
829537
930075
1030524
1130990
1231427
1331904
1432365
1532820
1633279
1733737
1789747
1791260
1791970
1792675
1793382
1794068
1794798
1795510
1796244
1796862
1797574
1798291
1798995
1799772
1800470
1801155
1801916
1802564
1803279
1804022
1804757
1805483
1806237
1806952
1807558
1809061
1809802
1810531
1811241
1812031
1812733
1813461
1814212
1815119
1816250
1817366
1818525
1819689
1820800
1821918
1823036
1824101
1825239
1826354
1827477
1828611
1829774
1830894
1832006
1832916
1834079
1835968
1836820
1837830
1838823
1839887
1840907
1841688
1842483
1843499
1844500
1845514
1846508
1847498
1848490
1849460
1850535
1851525
1852515
1853515
1854509
1855500
1856501
1857424
1859246
1860268
1861282
1862273
1863262
1864314
1865319
1866126
1867122
1868161
1869163
1870172
1871175
1872209
1873210
1874017
1875014
1876051
1876954
1877944
1878945
1879988
1881851
1882660
1883659
1884651
1885707
1886720
1887732
1888725
1889777
1890588
1891591
1892587
1893591
1894604
1895588
1896569
1897379
1898173
1899172
1900249
1901231
1902217
1903201
1904993
1906033
1906927
1907927
1908915
1909936
1910933
1911881
1912895
1913940
1914918
1915925
1916912
1917934
1918963
1919965
1920979
1922046
1922932
1923955
1924982
1926040
1927129
1928155
1929692
1930749
1931546
1932575
1933631
1934697
1935758
1936795
1937860
1938805
1939674
1940703
1941770
1942781
1943855
1944880
1945933
1946952
1947843
1948913
1949961
1950969
1952015
1953798
1954793
1955798
1956676
1957717
1958698
1959682
1960661
1961705
1962697
1963701
1964509
1965509
1966510
1967500
1968544
10282
115738
224519
325019
425616
527100
627763
728305
828929
929352
1029994
1130633
1231112
1331540
1431998
1532445
1632899
1733330
1833868
1974082
1984570
1985280
1985694
1986396
1987103
1987818
1988530
1989263
1989744
1990335
1991016
1991750
1992468
1993165
1993881
1994598
1995098
1995821
1996527
1997233
1997945
1998654
1999361
2001281
2001781
2002490
2003195
2003903
2004612
2005322
2005978
2007083
2008048
2008940
2010059
2011165
2012334
2013445
2014582
2015693
2016802
2017891
2019021
2020135
2021255
2022415
2023536
2024658
2025775
2027500
2028511
2029502
2030494
2031486
2032516
2033517
2034518
2035393
2036431
2037419
2038414
2039406
2040418
2041427
2042446
2043320
2044354
2045346
2046348
2047339
2048381
2050249
2051239
2052084
2053082
2054114
2055106
2056109
2057120
2058086
2059078
2059931
2060837
2061891
2062909
2063911
2064919
2065954
2066951
2067943
2068742
2069791
2070783
2071786
2073392
2074391
2075391
2076402
2077358
2078302
2079206
2080214
2081206
2082262
2083269
2084265
2085270
2086307
2087206
2088199
2089199
2090240
2091250
2092250
2093233
2094287
2095122
2096870
2097892
2098875
2099957
2100950
2101938
2102932
2103978
2104991
2105994
2106997
2108081
2109070
2110068
2111055
2112077
2112995
2114014
2115032
2116092
2117118
2118136
2118990
2120052
2121451
2122519
2123576
2124601
2125663
2126740
2127765
2128793
2129648
2130602
2131633
2132656
2133750
2134773
2135797
2136799
2137878
2138778
2139746
2140813
2141867
2142901
2143912
2145672
2146668
2147686
2148691
2149718
2150694
2151705
2152686
2153670
2154491
2155488
2156481
2157467
2158470
2159479
2160476
9998
115631
219733
320243
420576
522374
622715
723242
823594
924220
1024556
1125070
1225409
1325919
1426258
1526763
1627095
1682548
1685639
1686360
1687068
1687817
1688533
1689252
1690000
1690706
1691467
1692190
1692908
1693610
1694331
1695021
1695722
1696408
1697121
1697839
1698558
1699266
1700007
1700722
1701424
1702025
1702741
1704680
1705386
1706094
1706815
1707521
1708236
1708908
1709674
1710780
1711885
1713003
1714158
1715135
1716242
1717141
1718312
1719423
1720526
1721639
1722752
1723903
1724908
1725817
1726938
1728141
1729259
1731083
1732078
1733069
1734101
1735069
1736078
1737070
1738111
1739110
1740102
1741102
1742131
1743019
1744028
1745030
1746016
1747029
1748021
1749022
1750098
1751096
1752040
1753032
1754867
1756113
1757105
1758094
1759084
1759913
1760922
1761912
1762903
1763932
1764925
1765915
1766899
1767732
1768741
1769675
1770674
1771708
1772709
1773702
1774691
1775498
1777294
1778288
1779287
1780317
1781320
1782312
1783306
1784138
1785150
1786145
1787101
1788138
1789146
1790128
1791118
1792144
1793151
1794151
1795152
1796314
1797313
1798300
1799283
1800922
1801964
1802943
1803943
1804939
1805966
1806953
1807948
1808832
1809893
1810908
1811893
1812881
1813907
1814894
1815894
1816783
1817747
1818782
1819798
1820815
1821869
1822930
1823947
1825702
1826494
1827545
1828560
1829586
1830653
1831719
1832745
1833787
1834577
1835595
1836609
1837383
1838436
1839450
1840468
1841521
1842264
1843298
1844371
1845393
1846466
1847498
1849240
1850276
1851013
1852043
1853021
1854000
1854973
1856030
1857021
1857864
1858594
1859593
1860583
1861573
1862566
1863554
9031
114936
220418
320860
421304
522770
623228
723576
823907
924219
1024604
1124951
1225358
1325710
1426160
1526620
1627083
1727528
1828183
1928646
2029312
2129937
2230584
2331252
2456513
2506839
2524169
2524790
2525483
2526197
2526908
2527619
2528331
2529025
2529718
2530369
2531095
2531800
2532521
2533232
2533942
2534653
2535372
2536909
2537661
2538383
2539134
2539834
2540541
2541248
2541970
2542934
2544062
2545180
2546313
2547497
2548606
2549755
2550856
2551883
2553052
2554160
2555267
2556376
2557573
2558688
2559805
2560749
2561866
2563733
2564749
2565740
2566730
2567723
2568714
2569628
2570638
2571527
2572519
2573579
2574572
2575651
2576645
2577482
2578443
2579495
2580488
2581491
2582441
2583475
2584468
2586179
2587203
2588206
2589280
2590279
2591161
2592124
2593161
2594120
2595131
2596126
2597180
2598173
2599165
2600191
2601213
2602140
2603147
2604138
2605172
2606163
2607155
2608036
2609864
2610714
2611727
2612718
2613711
2614701
2615691
2616683
2617720
2618564
2619578
2620593
2621633
2622614
2623601
2624583
2625587
2626542
2627562
2628572
2629613
2630607
2631591
2633309
2634313
2635319
2636360
2637356
2638353
2639390
2640382
2641385
2642415
2643393
2644351
2645358
2646347
2647378
2648394
2649397
2650447
2651413
2652437
2653453
2654479
2655574
2656591
2658358
2659405
2660256
2661315
2662331
2663388
2664404
2665461
2666504
2667548
2668372
2669445
2670519
2671542
2672564
2673616
2674624
2675647
2676465
2677596
2678608
2679629
2680639
2682418
2683458
2684438
2685318
2686317
2687344
2688327
2689307
2690299
2691331
2692334
2693209
2694241
2695280
2696274
2697288
10477
118996
223106
323614
423946
525763
626100
726613
826943
927449
1027784
1128329
1228758
1329296
1429734
1530183
1630765
1751513
1752237
1752765
1753474
1754179
1754884
1755583
1756305
1757011
1757719
1758270
1758974
1759686
1760216
1760922
1761628
1762320
1763025
1763593
1764307
1765025
1765737
1766444
1767145
1767845
1768554
1769927
1770652
1771363
1772073
1772730
1773434
1774146
1774867
1775883
1777031
1778049
1779219
1780383
1781492
1782623
1783738
1784763
1785888
1787006
1788122
1789234
1790390
1791502
1792622
1793636
1794684
1796549
1797563
1798575
1799611
1800637
1801626
1802582
1803585
1804626
1805617
1806606
1807622
1808656
1809647
1810453
1811441
1812255
1813246
1814260
1815252
1816286
1817279
1818085
1819895
1820925
1821937
1822933
1823742
1824779
1825772
1826573
1827572
1828606
1829440
1830449
1831471
1832515
1833516
1834473
1835484
1836529
1837522
1838516
1839516
1840552
1842373
1843345
1844384
1845376
1846428
1847457
1848448
1849451
1850507
1851321
1852322
1853317
1854353
1855345
1856325
1857305
1858339
1859153
1860159
1861167
1862194
1863178
1864032
1865786
1866830
1867646
1868667
1869653
1870692
1871689
1872680
1873702
1874744
1875562
1876566
1877557
1878596
1879583
1880595
1881608
1882652
1883554
1884439
1885499
1886569
1887641
1888667
1890426
1891472
1892448
1893481
1894353
1895411
1896470
1897486
1898529
1899609
1900390
1901402
1902456
1903468
1904535
1905583
1906626
1907636
1908521
1909583
1910594
1911614
1912657
1914439
1915396
1916390
1917264
1918294
1919274
1920254
1921233
1922270
1923264
1924259
1925124
1926154
1927149
1928142
1929135
10530
119136
227987
328638
429272
531557
632098
732756
833344
933802
1034256
1134709
1235159
1335608
1436068
1536497
1636956
1737523
1838182
1938842
2054406
2104943
2125767
2126423
2127147
2127861
2128567
2129276
2129988
2130698
2131400
2132027
2132733
2133427
2134144
2134854
2135612
2136324
2137047
2137669
2138401
2139113
2139867
2141929
2142688
2143416
2144129
2144751
2145471
2146196
2146899
2148025
2149142
2150325
2151454
2152386
2153503
2154611
2155774
2156885
2157995
2159103
2160248
2161286
2162409
2163529
2164631
2165786
2166902
2168725
2169726
2170610
2171666
2172667
2173657
2174649
2175685
2176678
2177674
2178524
2179573
2180564
2181565
2182790
2183832
2184832
2185832
2186819
2187864
2188855
2189846
2191649
2192576
2193374
2194376
2195338
2196343
2197315
2198305
2199297
2200409
2201398
2202387
2203212
2204143
2205151
2206141
2207132
2208162
2209152
2210142
2211133
2212039
2213051
2214780
2215775
2216767
2217804
2218796
2219789
2220666
2221704
2222707
2223706
2224712
2225747
2226709
2227701
2228563
2229607
2230601
2231617
2232627
2233679
2234691
2235679
2236544
2238353
2239356
2240366
2241378
2242374
2243271
2244214
2245053
2246113
2247140
2248154
2249141
2250205
2251190
2252173
2253021
2254070
2255063
2256070
2257088
2258145
2259161
2260219
2261047
2262868
2263958
2264931
2265946
2266959
2268055
2269070
2269897
2270957
2271940
2272954
2273966
2275030
2276085
2277100
2277923
2278984
2280069
2281080
2282142
2283154
2284212
2285153
2286814
2287821
2288818
2289730
2290710
2291707
2292696
2293720
2294691
2295607
2296613
2297649
2298651
2299695
2300633
2301662
10487
116169
221883
322510
422989
524521
624964
725490
825828
926233
1026577
1126986
1227423
1327859
1428148
1528579
1628865
1729314
1829742
1894649
1907300
1908007
1908582
1909284
1909998
1910745
1911467
1911931
1912697
1913402
1914105
1914850
1915556
1916242
1916986
1917558
1918190
1918847
1919552
1920268
1921031
1921740
1922458
1924346
1925026
1925749
1926461
1927172
1927880
1928635
1929251
1930395
1931410
1932547
1933681
1934842
1936052
1937161
1938280
1939304
1940202
1941315
1942439
1943564
1944722
1945829
1946942
1948079
1949033
1950942
1951927
1952730
1953715
1954749
1955734
1956548
1957546
1958595
1959580
1960575
1961564
1962595
1963586
1964407
1965419
1966410
1967400
1968390
1969390
1970378
1971334
1972748
1973761
1974805
1975806
1976798
1977803
1978840
1979841
1980819
1981852
1982883
1983885
1984878
1985879
1986879
1987873
1988747
1989751
1990793
1991797
1992789
1993790
1994822
1996657
1997502
1998511
1999502
2000585
2001581
2002573
2003563
2004365
2005120
2006117
2007150
2008145
2009127
2010109
2011131
2012138
2013145
2014165
2015200
2016183
2017169
2018154
2019978
2021021
2021807
2022841
2023836
2024874
2025872
2026860
2027863
2028920
2029805
2030789
2031777
2032805
2033795
2034800
2035812
2036856
2037686
2038659
2039678
2040735
2041910
2042940
2044697
2045765
2046813
2047852
2048867
2049959
2051006
2052032
2053070
2054122
2055110
2056144
2057144
2058155
2059224
2060236
2061278
2062252
2063267
2064368
2065388
2066400
2067441
2069295
2070293
2071249
2072114
2073139
2074128
2075107
2076088
2077130
2078125
2079126
2079934
2080984
2081952
2082945
2083938
10515
116354
222267
322701
423136
525416
625852
726488
826937
927581
1028024
1128662
1229005
1329546
1430177
1530786
1631283
1731751
1832184
1932646
2078729
2118198
2118911
2119627
2120340
2121047
2121753
2122469
2123208
2123841
2124559
2125353
2126057
2126743
2127496
2128210
2128921
2129666
2130406
2131127
2131840
2132546
2133264
2135135
2135850
2136560
2137286
2138002
2138716
2139432
2140149
2141301
2142422
2143332
2144376
2145520
2146631
2147746
2148864
2150050
2151212
2152122
2153234
2154268
2155386
2156511
2157629
2158758
2159912
2161387
2162397
2163408
2164323
2165350
2166346
2167337
2168328
2169371
2170383
2171374
2172379
2173414
2174418
2175420
2176412
2177465
2178478
2179473
2180474
2181509
2182516
2184323
2185165
2185965
2186971
2187973
2188966
2190007
2191000
2191992
2192994
2193837
2194846
2195795
2196799
2197828
2198829
2199857
2200841
2201678
2202672
2203663
2204653
2205682
2207515
2208509
2209501
2210313
2211364
2212357
2213348
2214352
2215386
2216400
2217397
2218212
2219288
2220282
2221264
2222256
2223303
2224305
2225316
2226200
2227243
2228240
2229226
2230999
2232044
2233057
2234068
2234942
2235935
2236932
2237928
2238943
2239998
2240875
2241874
2242862
2243698
2244701
2245575
2246578
2247621
2248649
2249702
2250708
2251574
2252639
2253655
2255411
2256458
2257558
2258406
2259421
2260277
2261354
2262370
2263411
2264453
2265502
2266326
2267379
2268201
2269299
2270312
2271353
2272374
2273439
2274502
2275315
2276137
2277161
2278900
2279926
2280929
2281967
2282954
2283942
2284708
2285749
2286605
2287605
2288601
2289634
2290636
2291626
2292517
2293516
10542
116176
221912
322354
422803
524298
624675
724996
825308
925716
1026056
1126486
1226924
1327359
1427754
1528187
1628502
1729040
1858962
1859660
1860362
1861085
1861818
1862587
1863268
1863990
1864692
1865417
1866126
1866868
1867576
1868300
1868949
1869633
1870226
1870985
1871689
1872398
1873105
1873825
1874540
1875252
1875806
1877684
1878401
1878934
1879652
1880364
1881072
1881775
1882374
1883504
1884667
1885771
1886880
1888003
1889111
1890223
1891281
1892430
1893545
1894704
1895816
1896942
1898055
1899226
1900276
1901389
1902508
1904331
1905323
1906312
1907302
1908293
1909181
1910178
1911169
1912160
1913190
1914137
1915139
1916131
1917037
1918040
1919031
1920011
1921041
1922034
1923027
1924018
1924855
1925854
1927699
1928689
1929672
1930699
1931559
1932546
1933352
1934348
1935340
1936332
1937330
1938325
1939343
1940156
1940993
1941993
1942985
1943977
1945009
1946002
1946994
1947986
1949574
1950666
1951655
1952644
1953633
1954665
1955656
1956572
1957580
1958613
1959609
1960663
1961668
1962649
1963636
1964470
1965471
1966504
1967505
1968503
1969485
1970533
1971519
1973281
1974293
1975306
1976310
1977315
1978312
1979296
1980254
1981258
1982262
1983216
1984201
1985189
1986193
1987235
1988085
1989108
1990116
1991192
1992221
1993259
1994288
1995348
1996185
1997979
1999027
2000109
2001215
2002238
2003294
2004309
2005131
2006189
2007233
2008245
2009293
2010346
2011359
2012381
2013312
2014367
2015379
2016389
2017432
2018482
2019494
2020504
2022265
2023286
2024290
2025283
2026273
2027256
2028238
2029220
2030219
2031258
2032282
2033275
2034276
2035299
2036292
2037286
10802
117240
222931
323580
423920
524926
625239
725562
825873
926294
1026584
1127238
1227671
1328330
1428989
1529600
1630068
1730701
1831340
1932048
2032680
2133354
2234025
2294972
2345665
2396324
2446979
2475077
2475775
2476485
2477191
2477819
2478522
2479105
2479821
2480459
2481167
2481874
2482579
2483289
2483999
2484588
2485307
2487191
2487907
2488635
2489355
2490062
2490640
2491252
2491971
2493080
2494234
2495344
2496461
2497575
2498681
2499645
2500741
2501819
2502929
2504085
2505191
2506318
2507427
2508523
2509681
2510800
2511910
2513886
2514881
2515920
2516911
2517823
2518835
2519877
2520868
2521893
2522887
2523926
2524731
2525730
2526723
2527786
2528779
2529781
2530727
2531770
2532560
2533559
2534548
2536389
2537384
2538384
2539383
2540426
2541236
2542114
2543105
2544158
2545151
2546145
2547135
2548143
2548952
2549996
2550965
2552015
2553016
2554007
2554998
2556026
2556833
2557830
2559619
2560631
2561687
2562599
2563591
2564581
2565476
2566488
2567478
2568473
2569468
2570464
2571482
2572475
2573365
2574370
2575377
2576423
2577447
2578454
2579462
2580489
2581337
2582838
2583860
2584861
2585907
2586898
2587918
2588914
2589728
2590744
2591746
2592749
2593788
2594777
2595767
2596763
2597577
2598592
2599530
2600636
2601691
2602534
2603549
2604414
2605438
2607215
2608260
2609305
2610371
2611400
2612450
2613276
2614325
2615381
2616416
2617438
2618488
2619542
2620550
2621489
2622498
2623523
2624535
2625566
2626626
2627684
2628695
2629610
2631375
2632427
2633419
2634433
2635416
2636464
2637448
2638355
2639343
2640398
2641391
2642388
2643382
2644399
2645392
2646142
10320
115996
219966
320517
420849
522646
622989
723548
823884
924369
1024782
1125244
1225676
1326308
1426753
1527406
1627742
1728277
1828727
1976240
2022526
2023248
2023959
2024691
2025400
2026117
2026817
2027537
2028079
2028814
2029525
2030239
2030949
2031645
2032357
2032869
2033412
2033944
2034661
2035380
2036094
2036829
2037542
2039440
2039981
2040699
2041404
2042114
2042816
2043534
2044238
2045356
2046211
2047338
2048457
2049627
2050755
2051869
2052971
2054089
2055109
2056272
2057382
2058492
2059605
2060753
2061868
2062980
2063822
2065231
2066301
2067292
2068284
2069286
2070318
2071309
2072274
2073272
2074322
2075315
2076317
2077309
2078355
2079351
2080345
2081304
2082377
2083378
2084258
2085258
2086296
2088144
2089148
2089988
2090998
2092032
2093024
2094055
2095049
2096054
2097056
2097974
2098985
2100013
2101012
2102019
2103011
2104010
2104985
2105861
2106909
2107902
2108893
2109884
2111696
2112731
2113724
2114537
2115452
2116483
2117476
2118470
2119493
2120560
2121558
2122554
2123394
2124438
2125421
2126405
2127401
2128452
2129463
2130471
2131422
2132468
2133457
2135119
2136123
2137077
2138089
2139083
2140048
2141058
2142060
2143074
2144118
2145122
2146086
2147087
2148042
2149051
2150090
2151139
2152142
2153159
2154192
2155217
2156116
2157177
2158239
2160024
2161103
2162175
2163190
2164241
2165185
2166219
2167234
2168333
2169396
2170408
2171422
2172408
2173302
2174330
2175344
2176447
2177459
2178470
2179533
2180593
2181417
2182444
2184191
2185197
2186241
2187235
2188216
2189198
2189988
2190984
2191976
2192968
2193968
2194960
2195952
2196912
2197828
2198838
10512
119400
224882
325327
425758
527250
627702
728373
828805
929336
1030037
1130648
1231079
1331527
1431980
1532381
1632810
1733098
1833549
1934002
2068844
2079628
2080257
2080973
2081682
2082405
2083167
2083923
2084640
2085348
2085989
2086711
2087417
2088151
2088861
2089576
2090312
2091030
2091621
2092408
2093114
2093699
2094459
2096381
2097110
2097819
2098385
2099108
2099867
2100571
2101277
2102388
2103472
2104628
2105494
2106610
2107719
2108871
2110044
2111156
2112259
2113353
2114265
2115379
2116488
2117595
2118763
2119885
2121029
2122854
2123847
2124755
2125764
2126771
2127771
2128765
2129765
2130759
2131751
2132675
2133677
2134572
2135571
2136610
2137605
2138608
2139602
2140506
2141538
2142529
2143521
2145352
2146395
2147412
2148403
2149211
2150316
2151306
2152296
2153287
2154311
2155172
2156121
2156926
2157966
2158977
2159968
2160959
2162000
2163003
2164115
2164923
2165963
2166969
2168760
2169753
2170755
2171756
2172751
2173574
2174522
2175527
2176529
2177525
2178566
2179572
2180570
2181560
2182385
2183389
2184386
2185389
2186435
2187444
2188432
2189421
2190362
2192177
2193181
2194193
2195203
2196216
2197205
2198202
2199074
2200192
2201192
2202193
2203179
2204211
2205200
2206207
2207073
2208092
2209101
2210136
2211163
2212242
2213259
2214318
2215145
2216988
2218080
2219128
2220142
2221157
2222273
2223290
2224109
2225171
2226251
2227267
2228280
2229340
2230397
2231411
2232230
2233315
2234372
2235377
2236439
2237451
2238514
2239526
2241041
2242053
2243049
2244083
2245073
2246054
2247026
2248054
2249024
2250076
2251066
2252098
2253088
2254079
2255084
2256113
10529
116713
222404
322878
423339
525238
625521
725944
826369
926831
1027503
1127945
1228610
1329254
1429940
1530405
1631073
1731728
1832398
1933053
2033648
2134263
2234794
2335255
2390216
2440861
2491506
2522375
2523093
2523798
2524506
2525222
2525932
2526661
2527365
2527978
2528753
2529466
2530172
2530928
2531644
2532356
2533104
2534946
2535666
2536384
2537144
2537853
2538564
2539276
2539984
2541040
2542181
2543378
2544493
2545606
2546614
2547733
2548902
2549923
2551041
2551968
2553109
2554219
2555331
2556441
2557579
2558507
2559630
2561459
2562452
2563485
2564477
2565467
2566457
2567328
2568330
2569321
2570311
2571343
2572336
2573336
2574329
2575249
2576280
2577253
2578244
2579277
2580270
2581264
2582260
2584006
2585081
2586063
2587065
2588056
2589088
2590083
2591077
2591921
2592975
2593969
2594971
2595974
2597008
2598011
2599003
2600007
2601044
2602035
2603026
2604017
2605063
2606056
2607842
2608795
2609800
2610828
2611819
2612810
2613801
2614830
2615822
2616632
2617648
2618438
2619433
2620411
2621431
2622413
2623409
2624222
2625281
2626286
2627280
2628265
2629199
2630994
2632007
2632893
2633906
2634932
2635929
2636921
2637910
2638959
2639974
2640898
2641897
2642926
2643915
2644912
2645914
2646954
2647969
2648951
2650011
2651076
2652091
2653150
2654166
2655916
2657007
2657979
2659001
2659990
2661084
2662100
2663116
2664157
2665249
2666185
2667216
2668281
2669237
2670251
2671258
2672309
2673218
2674035
2675093
2676117
2677165
2678188
2679929
2680925
2681913
2682752
2683740
2684720
2685706
2686738
2687733
2688726
2689741
2690555
2691553
2692543
2693579
2694572
10473
116138
221840
322245
422591
523601
623983
724336
824656
924958
1025272
1125580
1226092
1326428
1426745
1527055
1627459
1727797
1837357
1838055
1838775
1839485
1840195
1840911
1841613
1842319
1843021
1843713
1844432
1845143
1845849
1846556
1847264
1847952
1848680
1849271
1850017
1850728
1851312
1852021
1852736
1853443
1854151
1855684
1856418
1857125
1857837
1858546
1859255
1859881
1860591
1861501
1862625
1863703
1864861
1865971
1867092
1868210
1869381
1870517
1871578
1872697
1873819
1874974
1876097
1877213
1878335
1879439
1880558
1882353
1883351
1884352
1885384
1886385
1887385
1888183
1889236
1890248
1891252
1892242
1893313
1894101
1895092
1895912
1896985
1897990
1898999
1900026
1901068
1902081
1903081
1903896
1905660
1906650
1907642
1908632
1909631
1910620
1911418
1912225
1913270
1914263
1915253
1916243
1917284
1918276
1919267
1920075
1921124
1922107
1923101
1924092
1925126
1926121
1927905
1928707
1929661
1930670
1931664
1932664
1933743
1934739
1935741
1936738
1937699
1938719
1939725
1940714
1941695
1942677
1943686
1944702
1945487
1946397
1947391
1948374
1949410
1951241
1952263
1953263
1954260
1955091
1956093
1957078
1958063
1959115
1960119
1961121
1962106
1962947
1963851
1964844
1965844
1966891
1967894
1968910
1969927
1970982
1971810
1972886
1973691
1975490
1976538
1977587
1978606
1979657
1980512
1981448
1982484
1983560
1984606
1985628
1986681
1987741
1988804
1989782
1990834
1991877
1992931
1993941
1995005
1996038
1997091
1998048
1999657
2000639
2001641
2002632
2003610
2004560
2005577
2006556
2007362
2008374
2009405
2010396
2011386
2012376
2013408
2014399
10561
116505
222194
322615
423184
524190
624704
724990
825530
925919
1026460
1126921
1227544
1327992
1428628
1529083
1629717
1730370
1831003
1931647
2032276
2165561
2207297
2208025
2208731
2209433
2210136
2210840
2211544
2212146
2212745
2213492
2214198
2214897
2215613
2216336
2217064
2217767
2218358
2219093
2219800
2220514
2221269
2223188
2223910
2224629
2225256
2225910
2226619
2227364
2228087
2229206
2230322
2231482
2232594
2233721
2234831
2236012
2237255
2238372
2239496
2240613
2241782
2242917
2244030
2245140
2246260
2247354
2248467
2250327
2251253
2252243
2253275
2254266
2255265
2256265
2257221
2258212
2259124
2260115
2261106
2262097
2263090
2264089
2265081
2266071
2266854
2267859
2268851
2269840
2270831
2272671
2273707
2274704
2275505
2276503
2277384
2278382
2279383
2280381
2281415
2282411
2283217
2284214
2285253
2286252
2287252
2288216
2289259
2290247
2291113
2292114
2293158
2294148
2295930
2296926
2297870
2298896
2299883
2300831
2301865
2302881
2303871
2304866
2305902
2306898
2307892
2308683
2309717
2310699
2311692
2312691
2313729
2314750
2315735
2316642
2317676
2319446
2320449
2321450
2322462
2323485
2324473
2325332
2326319
2327376
2328388
2329393
2330389
2331417
2332414
2333212
2334233
2335277
2336287
2337314
2338337
2339395
2340413
2341267
2342326
2344121
2345224
2346282
2347308
2348214
2349322
2350184
2351202
2352158
2353240
2354253
2355265
2356319
2357368
2358260
2359247
2360289
2361358
2362369
2363422
2364432
2365483
2366374
2368131
2368973
2369825
2370825
2371807
2372790
2373813
2374612
2375624
2376627
2377668
2378672
2379669
2380669
2381709
2382518
10503
116194
221901
322332
422769
523886
624209
724605
825039
925520
1025949
1126427
1226882
1327383
1427928
1528408
1629040
1729486
1830129
1930590
2031229
2131897
2232259
2332710
2481587
2532024
2554781
2555531
2556234
2556937
2557574
2558278
2558992
2559740
2560329
2561043
2561786
2562382
2563088
2563807
2564519
2565226
2565817
2567766
2568501
2569207
2569920
2570628
2571339
2572043
2572651
2573782
2574898
2576053
2577170
2578324
2579445
2580556
2581657
2582803
2583918
2585031
2586258
2587414
2588526
2589637
2590642
2591810
2592925
2594745
2595751
2596785
2597829
2598823
2599659
2600647
2601675
2602658
2603669
2604670
2605715
2606708
2607517
2608526
2609558
2610550
2611553
2612561
2613421
2614413
2615198
2617013
2618026
2619018
2620025
2621015
2622048
2623027
2623798
2624804
2625701
2626701
2627704
2628697
2629739
2630733
2631512
2632542
2633582
2634585
2635588
2636588
2637631
2638625
2640334
2641334
2642327
2643359
2644366
2645369
2646372
2647420
2648424
2649430
2650465
2651510
2652505
2653495
2654477
2655495
2656351
2657357
2658354
2659393
2660378
2661362
2662346
2663998
2664759
2665767
2666767
2667805
2668793
2669779
2670766
2671802
2672567
2673578
2674544
2675576
2676568
2677555
2678567
2679614
2680375
2681411
2682437
2683506
2684534
2685593
2686621
2688434
2689554
2690508
2691544
2692558
2693659
2694675
2695692
2696736
2697819
2698678
2699743
2700795
2701844
2702855
2703865
2704907
2705957
2706983
2707966
2708988
2710036
2711046
2712784
2713780
2714751
2715783
2716679
2717680
2718659
2719676
2720668
2721659
2722653
2723686
2724701
2725638
2726632
2727669
10561
116236
221691
322144
422463
523888
624245
724710
825057
925533
1026163
1126725
1227152
1327631
1428082
1528710
1629293
1729966
1830443
1931067
2073396
2119647
2120423
2121136
2121864
2122568
2123161
2123866
2124573
2125210
2125881
2126608
2127309
2128012
2128721
2129435
2130148
2130731
2131480
2132192
2132898
2133597
2134306
2136219
2136947
2137551
2138277
2138988
2139699
2140415
2141119
2142279
2143388
2144479
2145592
2146749
2147882
2148988
2150134
2151246
2152398
2153420
2154532
2155654
2156805
2157913
2159032
2160146
2161175
2162733
2163745
2164737
2165746
2166777
2167790
2168799
2169791
2170820
2171832
2172833
2173834
2175024
2176063
2177059
2178066
2178881
2179889
2180883
2181876
2182872
2183875
2185701
2186694
2187505
2188545
2189549
2190550
2191553
2192585
2193578
2194570
2195467
2196298
2197308
2198311
2199301
2200365
2201363
2202354
2203360
2204234
2205235
2206228
2207219
2209087
2210125
2211118
2212111
2213026
2214068
2215060
2216053
2217055
2218098
2219095
2220092
2220903
2221905
2222892
2223884
2224898
2225910
2226911
2227912
2228728
2229730
2230688
2232483
2233486
2234541
2235553
2236439
2237410
2238449
2239441
2240445
2241418
2242461
2243449
2244438
2245243
2246294
2247311
2248314
2249317
2250438
2251453
2252468
2253327
2254435
2255452
2257030
2258076
2259124
2260182
2261196
2262089
2263125
2264183
2265225
2266455
2267469
2268525
2269580
2270598
2271633
2272697
2273749
2274770
2275783
2276845
2277856
2278828
2279858
2281657
2282698
2283701
2284693
2285678
2286713
2287710
2288709
2289710
2290745
2291747
2292739
2293731
2294756
2295563
2296548
7993
113483
218970
319328
419676
520706
621017
721339
821654
921967
1022279
1122807
1223157
1323559
1423903
1524308
1624658
1738812
1739196
1739911
1740618
1741323
1742028
1742752
1743460
1744178
1744769
1745483
1746194
1746903
1747606
1748320
1749013
1749711
1750312
1751021
1751724
1752425
1753145
1753854
1754559
1755271
1755894
1757759
1758485
1759188
1759900
1760601
1761310
1762017
1762614
1763729
1764833
1765942
1767097
1768204
1769311
1770428
1771365
1772478
1773585
1774695
1775827
1776921
1778037
1779140
1780031
1781188
1782310
1784061
1785076
1786069
1787034
1788028
1788804
1789831
1790863
1791868
1792859
1793850
1794882
1795889
1796709
1797709
1798755
1799793
1800772
1801760
1802798
1803788
1804702
1805700
1807542
1808536
1809525
1810516
1811510
1812501
1813376
1814375
1815427
1816419
1817410
1818412
1819440
1820444
1821319
1822322
1823377
1824371
1825372
1826374
1827411
1828407
1829712
1830672
1831663
1832712
1833707
1834708
1835658
1836705
1837457
1838374
1839412
1840421
1841426
1842407
1843436
1844418
1845153
1846123
1847187
1848188
1849203
1850223
1851254
1852768
1853769
1854770
1855768
1856815
1857801
1858787
1859537
1860557
1861559
1862561
1863548
1864536
1865524
1866510
1867435
1868457
1869286
1870303
1871357
1872383
1873409
1874477
1875439
1877288
1878357
1879361
1880377
1881433
1882492
1883510
1884488
1885544
1886590
1887502
1888526
1889612
1890670
1891685
1892661
1893670
1894737
1895747
1896797
1897808
1898858
1899743
1901477
1902466
1903503
1904490
1905463
1906448
1907276
1908262
1909272
1910257
1911301
1912288
1913280
1914265
1915100
1916098
10260
115968
221678
322051
422458
523575
623999
724355
824772
925140
1025458
1126069
1226657
1327332
1427818
1528449
1628768
1729196
1829618
1930081
2078727
2124666
2125412
2126116
2126837
2127599
2128312
2129027
2129678
2130299
2131019
2131733
2132448
2133143
2133856
2134562
2135281
2135971
2136696
2137412
2138129
2138834
2139547
2141395
2142006
2142720
2143430
2144136
2144841
2145551
2146271
2147423
2148388
2149513
2150611
2151769
2152846
2153946
2155057
2156125
2157297
2158409
2159515
2160703
2161855
2162988
2164093
2165124
2166244
2168129
2169175
2170239
2171246
2172241
2173283
2174157
2175160
2176154
2177197
2178192
2179196
2180115
2181155
2182059
2183091
2184086
2185149
2186150
2187082
2188076
2189068
2190483
2191484
2192478
2193536
2194528
2195519
2196521
2197578
2198387
2199389
2200357
2201389
2202390
2203350
2204311
2205339
2206328
2207279
2208270
2209305
2210297
2211479
2212471
2214312
2215350
2216309
2217324
2218316
2219351
2220342
2221213
2222071
2223069
2223879
2224889
2225929
2226914
2227893
2228885
2229926
2230936
2231754
2232668
2233735
2234730
2235717
2237493
2238499
2239430
2240455
2241253
2242259
2243335
2244363
2245378
2246382
2247421
2248427
2249243
2250285
2251313
2252167
2253170
2254174
2255245
2256261
2257091
2258101
2259199
2260235
2261999
2263046
2264093
2265152
2266125
2267194
2268207
2269222
2270265
2271309
2272323
2273377
2274351
2275283
2276314
2277369
2278422
2279456
2280467
2281609
2282625
2283459
2284476
2286293
2287332
2288330
2289326
2290315
2291384
2292174
2293173
2294164
2295197
2296191
2297182
2298173
2299209
2300043
2301035
10243
115700
220059
320377
420704
521701
622014
722329
822664
923078
1023450
1123907
1224356
1324813
1425262
1525777
1626220
1726727
1827175
1927711
2063124
2085158
2085580
2086290
2086748
2087453
2088162
2088917
2089629
2090340
2090811
2091526
2092243
2092975
2093707
2094452
2095200
2095913
2096386
2096956
2097665
2098378
2099136
2101118
2101838
2102542
2103019
2103726
2104434
2105192
2105901
2107013
2107689
2108848
2109545
2110670
2111782
2112937
2114047
2115168
2116283
2117430
2118313
2119423
2120549
2121655
2122827
2123936
2125067
2126897
2127711
2128705
2129697
2130701
2131691
2132745
2133740
2134741
2135733
2136771
2137776
2138789
2139779
2140816
2141848
2142883
2143874
2144912
2145918
2146909
2147852
2149721
2150743
2151693
2152694
2153512
2154503
2155493
2156493
2157508
2158511
2159503
2160493
2161259
2162286
2163277
2164267
2165298
2166291
2167283
2168189
2168980
2169978
2170970
2172748
2173763
2174801
2175794
2176789
2177606
2178609
2179602
2180602
2181599
2182600
2183606
2184611
2185575
2186579
2187572
2188535
2189565
2190547
2191557
2192559
2193406
2194415
2196168
2197184
2198194
2199237
2200261
2201245
2202113
2203149
2204152
2205154
2206155
2207184
2208163
2209139
2209975
2211015
2212027
2213029
2214054
2215115
2216138
2216975
2218042
2219103
2220764
2221820
2222876
2223882
2224941
2225798
2226818
2227835
2228924
2229992
2231032
2232054
2233175
2233997
2235018
2236076
2237184
2238159
2239188
2240244
2241281
2242272
2243290
2245047
2246043
2247087
2248081
2249063
2250076
2251101
2252106
2253094
2254083
2255112
2256103
2257089
2258052
2259015
2260002
8403
113875
217985
318389
418735
520168
620516
720945
821304
921730
1022086
1122726
1223350
1324003
1424588
1525015
1625351
1725651
1825932
1926391
2061730
2091390
2091806
2092519
2093224
2093929
2094647
2095356
2096023
2096726
2097340
2098055
2098762
2099468
2100206
2100921
2101623
2102324
2102978
2103731
2104436
2105140
2105897
2107829
2108553
2109262
2109963
2110677
2111385
2112160
2112865
2113907
2115010
2116180
2117115
2118207
2119320
2120468
2121577
2122700
2123810
2124925
2126103
2127226
2128338
2129455
2130623
2131773
2132903
2134737
2135542
2136564
2137560
2138540
2139534
2140557
2141561
2142575
2143382
2144428
2145423
2146417
2147408
2148404
2149410
2150435
2151241
2152271
2153261
2154251
2155242
2157077
2158110
2159101
2159908
2160901
2161940
2162932
2163922
2164866
2165919
2166912
2167915
2168831
2169876
2170868
2171868
2172868
2173906
2174907
2175908
2176728
2177787
2178615
2180412
2181414
2182450
2183413
2184414
2185218
2186267
2187269
2188143
2189137
2190188
2191195
2192190
2193179
2194212
2195190
2196185
2197195
2198238
2199114
2199948
2200841
2201874
2203624
2204637
2205637
2206627
2207611
2208540
2209345
2210378
2211381
2212383
2213386
2214415
2215404
2216392
2217212
2218275
2219278
2220281
2221298
2222363
2223383
2224420
2225495
2226563
2228380
2229306
2230352
2231371
2232429
2233495
2234519
2235550
2236615
2237706
2238724
2239746
2240795
2241823
2242857
2243869
2244908
2245980
2246985
2248048
2249052
2249954
2250960
2252690
2253688
2254677
2255710
2256683
2257493
2258518
2259436
2260421
2261425
2262449
2263441
2264427
2265234
2266272
2267264
10080
114813
218537
318847
419213
520299
620625
720945
821273
921597
1021913
1122227
1222605
1322946
1423321
1523656
1624265
1724595
1838778
1839206
1839920
1840638
1841401
1842107
1842812
1843561
1844279
1844869
1845632
1846357
1847063
1847788
1848495
1849182
1849938
1850535
1851246
1851955
1852660
1853391
1854102
1854806
1855514
1857003
1857724
1858427
1859129
1859836
1860543
1861248
1861961
1863023
1864150
1865256
1866339
1867502
1868613
1869730
1870836
1871936
1873067
1874180
1875290
1876406
1877598
1878718
1879829
1880848
1882020
1883875
1884868
1885869
1886871
1887908
1888903
1889891
1890702
1891741
1892746
1893731
1894723
1895752
1896754
1897738
1898496
1899527
1900518
1901506
1902491
1903517
1904513
1905267
1906850
1907878
1908884
1909865
1910854
1911907
1912896
1913851
1914852
1915891
1916881
1917925
1918916
1919948
1920939
1921779
1922778
1923808
1924805
1925798
1926792
1927854
1929713
1930568
1931568
1932561
1933609
1934610
1935601
1936597
1937632
1938474
1939478
1940477
1941530
1942519
1943502
1944483
1945517
1946332
1947324
1948331
1949349
1950366
1951349
1952970
1954012
1955008
1956007
1956987
1958011
1958993
1959901
1960912
1961759
1962767
1963753
1964740
1965770
1966759
1967760
1968773
1969766
1970819
1971840
1972828
1973889
1974960
1975978
1977741
1978749
1979861
1980860
1981878
1982938
1984024
1985042
1986096
1986972
1988036
1989059
1990066
1991088
1992102
1993124
1994166
1995187
1996208
1997310
1998322
1999333
2000377
2002161
2003157
2004176
2005102
2006101
2007080
2008061
2009041
2010016
2010952
2011944
2012785
2013845
2014838
2015871
2016863
10535
115982
221941
322443
422938
524459
624930
725402
825866
926313
1026787
1127467
1227944
1328626
1429297
1529948
1630614
1731216
1831877
1932521
2033160
2133673
2234321
2334841
2435286
2535922
2678514
2729075
2759410
2760128
2760759
2761464
2762117
2762811
2763525
2764238
2764826
2765556
2766271
2766975
2767721
2768316
2769024
2770822
2771433
2772156
2772871
2773582
2774287
2774998
2775706
2776828
2777725
2778860
2779980
2781130
2782241
2783356
2784473
2785628
2786520
2787649
2788774
2789896
2790990
2792102
2793217
2794331
2795257
2797134
2798127
2799117
2800154
2801184
2802182
2803135
2804007
2805056
2806047
2807036
2808036
2809078
2810069
2811059
2811896
2812949
2813940
2814929
2815919
2816952
2817944
2819737
2820716
2821730
2822720
2823713
2824617
2825673
2826670
2827671
2828478
2829517
2830532
2831409
2832400
2833463
2834459
2835460
2836272
2837324
2838318
2839309
2840303
2841350
2842996
2844000
2844808
2845810
2846813
2847802
2848802
2849831
2850816
2851808
2852619
2853662
2854656
2855636
2856615
2857636
2858632
2859631
2860415
2861466
2862414
2863399
2864393
2866187
2867228
2868239
2869127
2870131
2871161
2872158
2873148
2874152
2875205
2876209
2877082
2878091
2879132
2880124
2881136
2882151
2883006
2884037
2884860
2885895
2886953
2888016
2889038
2890809
2891857
2892734
2893560
2894585
2895685
2896700
2897749
2898792
2899872
2900910
2901744
2902806
2903717
2904729
2905739
2906739
2907753
2908761
2909614
2910645
2911695
2912705
2914450
2915447
2916441
2917476
2918466
2919467
2920447
2921468
2922463
2923458
2924451
2925486
2926492
2927505
2928507
2929541
9894
115344
220835
321458
421800
522823
623128
723453
823761
924083
1024395
1124814
1225339
1325783
1426124
1526445
1626849
1727639
1728045
1728769
1729452
1730242
1730957
1731667
1732412
1733151
1733612
1734368
1735078
1735788
1736503
1737205
1737927
1738634
1739105
1739544
1740295
1740998
1741720
1742457
1743167
1743861
1744335
1746278
1746992
1747691
1748439
1749134
1749634
1750371
1751067
1752170
1753267
1754417
1755517
1756629
1757636
1758402
1759231
1760116
1761218
1762369
1763481
1764598
1765701
1766459
1767573
1768685
1769723
1771581
1772614
1773539
1774533
1775208
1776237
1777230
1778212
1779207
1780279
1781267
1782269
1782956
1784003
1785005
1786007
1787007
1788049
1789051
1789960
1790666
1791408
1792412
1794228
1795222
1796292
1797295
1798300
1799028
1800108
1801106
1802097
1803087
1804120
1805122
1806113
1806890
1807887
1808837
1809828
1810818
1811683
1812675
1813673
1814454
1816288
1817281
1818273
1819263
1820297
1821145
1822146
1822930
1823978
1824983
1825826
1826824
1827821
1828804
1829797
1830543
1831549
1832557
1833558
1834596
1835580
1836569
1837558
1838820
1839833
1840864
1841884
1842984
1844014
1845002
1845991
1846905
1847928
1848940
1849964
1850965
1851915
1852902
1853903
1854721
1855733
1856749
1857767
1858843
1859761
1860829
1861820
1863501
1864598
1865645
1866660
1867674
1868767
1869784
1870799
1871785
1872853
1873875
1874888
1875952
1876968
1877914
1878929
1879770
1880827
1881856
1882914
1883924
1884939
1885991
1887739
1888551
1889565
1890607
1891599
1892589
1893539
1894557
1895560
1896368
1897379
1898412
1899406
1900413
1901403
1902454
10545
116011
221698
322357
422692
524098
624440
724864
825258
925705
1026095
1126546
1227185
1327662
1428107
1528547
1628955
1729404
1876821
1898742
1899254
1899985
1900698
1901400
1902103
1902830
1903517
1904221
1904753
1905402
1905949
1906654
1907363
1908060
1908766
1909474
1910012
1910733
1911440
1912142
1912853
1913559
1914267
1916078
1916797
1917520
1918229
1918938
1919650
1920370
1921079
1922236
1923187
1924304
1925430
1926588
1927700
1928816
1929923
1931039
1932246
1933385
1934516
1935632
1936786
1937900
1939018
1940126
1941255
1943142
1944189
1945191
1946159
1947151
1948179
1949170
1950196
1951007
1952042
1953031
1954022
1955013
1956041
1956943
1957901
1958697
1959702
1960692
1961682
1962714
1963706
1965490
1966484
1967293
1968325
1969316
1970308
1971299
1972335
1973328
1974319
1975352
1976399
1977391
1978385
1979376
1980416
1981414
1982410
1983408
1984480
1985483
1986475
1987469
1989274
1990309
1991305
1992113
1993112
1994156
1995150
1996152
1997156
1998093
1999090
1999961
2000960
2001948
2002928
2003908
2004902
2005910
2006931
2007743
2008709
2009698
2010685
2012436
2013437
2014476
2015478
2016292
2017296
2018134
2019121
2020134
2021136
2022181
2023184
2023986
2024993
2025981
2027000
2028013
2029019
2030085
2031117
2032009
2033045
2034160
2035189
2036964
2038020
2038982
2040050
2040943
2042012
2043010
2044065
2045108
2046151
2047162
2048148
2049004
2050052
2051074
2052122
2053164
2054174
2055182
2056274
2057097
2058107
2058935
2060575
2061570
2062574
2063566
2064588
2065387
2066379
2067357
2068372
2069364
2070366
2071357
2072392
2073201
2074206
2075203
10224
115295
224164
324580
425200
526667
627281
727930
828535
929179
1029768
1130220
1230678
1331141
1431594
1531884
1632324
1732759
1833209
1967685
1968362
1969060
1969734
1970441
1971147
1971751
1972461
1972932
1973651
1974366
1975073
1975786
1976494
1977181
1977892
1978518
1979272
1979975
1980690
1981398
1982124
1982837
1983624
1985239
1985963
1986679
1987396
1988120
1988833
1989585
1990285
1991151
1992309
1993419
1994525
1995652
1996761
1997930
1999047
1999899
2000995
2002137
2003246
2004353
2005463
2006569
2007408
2008526
2009388
2011197
2012230
2013215
2014207
2015189
2015944
2016940
2017879
2018860
2019890
2020858
2021853
2022845
2023755
2024754
2025755
2026742
2027778
2028777
2029739
2030731
2031484
2033304
2034306
2035290
2036325
2037312
2038313
2039306
2040043
2041030
2042024
2043026
2044055
2045049
2046040
2047033
2047845
2048860
2049885
2050875
2051862
2052854
2053843
2054834
2056157
2057156
2058147
2059137
2060180
2061001
2061991
2063008
2063816
2064824
2065820
2066815
2067849
2068779
2069758
2070739
2071558
2072480
2073500
2074501
2075525
2076512
2077498
2079252
2080305
2081239
2082199
2083204
2084235
2085225
2086256
2087270
2088319
2089331
2090159
2091166
2092140
2093130
2094132
2095136
2096180
2097199
2098097
2099134
2100218
2101274
2102301
2104067
2105113
2106203
2107139
2108164
2109221
2110276
2111297
2112339
2113382
2114395
2115230
2116304
2117317
2118329
2119339
2120380
2121398
2122315
2123331
2124352
2125364
2126378
2128158
2129167
2130170
2131174
2132043
2132988
2133984
2134975
2136006
2137000
2138002
2138995
2140064
2141071
2142086
2143080
8821
114275
218260
318578
418884
519880
620195
720555
820902
921303
1021747
1122097
1222411
1322725
1423039
1523348
1623661
1723972
1797563
1828405
1829121
1829831
1830547
1831254
1831958
1832669
1833321
1833784
1834495
1834999
1835762
1836469
1837187
1837884
1838597
1839191
1839916
1840622
1841200
1841910
1842630
1843338
1844042
1845708
1846430
1847143
1847849
1848554
1849269
1850033
1850751
1851815
1852932
1854081
1855189
1856373
1857486
1858551
1859699
1860727
1861837
1862947
1864093
1865207
1866277
1867387
1868492
1869471
1870600
1872426
1873428
1874434
1875468
1876324
1877334
1878295
1879352
1880365
1881358
1882391
1883431
1884429
1885430
1886376
1887453
1888457
1889470
1890471
1891508
1892501
1893506
1894337
1896208
1897266
1898260
1899251
1900276
1901309
1902299
1903153
1904150
1905141
1906111
1907101
1908104
1909096
1910086
1910894
1911932
1912926
1913917
1914906
1915938
1916899
1918680
1919631
1920637
1921682
1922688
1923684
1924686
1925730
1926734
1927665
1928580
1929638
1930643
1931629
1932621
1933648
1934655
1935553
1936364
1937423
1938422
1939416
1940424
1942255
1943302
1944304
1945196
1946009
1947005
1947992
1948991
1950075
1951088
1952087
1953072
1953879
1954874
1955861
1956864
1957906
1958909
1959923
1960940
1961791
1962807
1963876
1964893
1966699
1967684
1968741
1969759
1970597
1971706
1972724
1973743
1974786
1975870
1976884
1977906
1978842
1979817
1980701
1981732
1982786
1983840
1984853
1985910
1986931
1987986
1988876
1990623
1991621
1992635
1993678
1994658
1995639
1996618
1997544
1998556
1999542
2000529
2001569
2002559
2003548
2004539
2005371
10569
115643
221319
321672
421991
522999
623405
723845
824406
924743
1025139
1125478
1225881
1326221
1426633
1527066
1627516
1727854
1785472
1789935
1790663
1791380
1792085
1792790
1793500
1794213
1794923
1795384
1796122
1796829
1797535
1798239
1798716
1799421
1800172
1800641
1801350
1802049
1802758
1803465
1804169
1804878
1805554
1807160
1807880
1808590
1809295
1810032
1810731
1811455
1812162
1813077
1814190
1815333
1816441
1817560
1818666
1819773
1820959
1821984
1823102
1824208
1825358
1826472
1827593
1828717
1829826
1830977
1832120
1833958
1834950
1835950
1837004
1837999
1838984
1839793
1840715
1841707
1842704
1843704
1844779
1845772
1846769
1847589
1848628
1849649
1850598
1851569
1852601
1853592
1854582
1855405
1856977
1857985
1858909
1859899
1860938
1861940
1862930
1863933
1864780
1865792
1866782
1867781
1868813
1869804
1870794
1871786
1872745
1873757
1874698
1875692
1876727
1877729
1879513
1880509
1881456
1882468
1883467
1884469
1885465
1886466
1887460
1888459
1889343
1890359
1891358
1892340
1893363
1894346
1895342
1896342
1897185
1898196
1899179
1900199
1901237
1903029
1904029
1905029
1905788
1906819
1907805
1908791
1909786
1910836
1911838
1912841
1913567
1914605
1915593
1916580
1917583
1918626
1919630
1920646
1921422
1922358
1923391
1924471
1925492
1927306
1928354
1929402
1930419
1931214
1932301
1933316
1934333
1935414
1936461
1937483
1938499
1939296
1940320
1941355
1942237
1943322
1944342
1945353
1946406
1947400
1948450
1949459
1951228
1952411
1953441
1954434
1955413
1956253
1957269
1958248
1959239
1960315
1961366
1962365
1963365
1964240
1965233
1966247
9950
115222
220920
321369
421817
523269
623718
724079
824398
924709
1025247
1125780
1226316
1326649
1427149
1527492
1628007
1728431
1828997
1894211
1910355
1911123
1911831
1912536
1913280
1913993
1914722
1915463
1916175
1916894
1917596
1918325
1919028
1919714
1920414
1921128
1921752
1922465
1923175
1923883
1924599
1925307
1926023
1927958
1928595
1929321
1930030
1930740
1931470
1932192
1932943
1934063
1935032
1936164
1937318
1938435
1939547
1940663
1941795
1942831
1943778
1944908
1946019
1947167
1948325
1949437
1950580
1951724
1952635
1954284
1955297
1956288
1957327
1958320
1959306
1960314
1961370
1962372
1963248
1964247
1965289
1966281
1967271
1968261
1969294
1970287
1971246
1972260
1973205
1974198
1975190
1976980
1977976
1979014
1980007
1981022
1982021
1982991
1983985
1984977
1985978
1987039
1988001
1989006
1990011
1991047
1992039
1993021
1993994
1995038
1995914
1996927
1997918
1998956
2000770
2001762
2002753
2003620
2004424
2005435
2006426
2007458
2008449
2009444
2010369
2011398
2012244
2013244
2014069
2015093
2016088
2017087
2018087
2019123
2020045
2021052
2022038
2023783
2024786
2025787
2026788
2027785
2028735
2029732
2030730
2031774
2032787
2033793
2034604
2035636
2036441
2037449
2038452
2039497
2040511
2041542
2042582
2043640
2044549
2045624
2046643
2048445
2049523
2050632
2051642
2052465
2053571
2054586
2055546
2056588
2057675
2058689
2059700
2060554
2061628
2062507
2063518
2064572
2065621
2066631
2067683
2068505
2069575
2070587
2072334
2073339
2074333
2075379
2076359
2077308
2078309
2079341
2080210
2081211
2082205
2083250
2084260
2085214
2086121
2087171
10527
116216
221921
322282
422595
523581
623885
724202
824607
924959
1025277
1125592
1225910
1326236
1426550
1526982
1627398
1727843
1781811
1784066
1784825
1785537
1786250
1786990
1787699
1788417
1788968
1789447
1790154
1790910
1791619
1792345
1793050
1793516
1794230
1794763
1795489
1796200
1796947
1797670
1798380
1799084
1799830
1801036
1801754
1802500
1803211
1803922
1804575
1805269
1805976
1806782
1807682
1808801
1809914
1811068
1812177
1813282
1814396
1815505
1816660
1817785
1818893
1820007
1821160
1822273
1823391
1824517
1825654
1827540
1828577
1829572
1830568
1831562
1832597
1833602
1834409
1835355
1836348
1837344
1838346
1839352
1840352
1841319
1842128
1843170
1844135
1845127
1846129
1847160
1848178
1849171
1850615
1851610
1852644
1853637
1854628
1855518
1856560
1857552
1858336
1859248
1860255
1861246
1862238
1863269
1864241
1865231
1866234
1867270
1868270
1869262
1870253
1871278
1873097
1874100
1875100
1876103
1877157
1878149
1879149
1880144
1881175
1882173
1883179
1884180
1885189
1886184
1887165
1888155
1889200
1890202
1891211
1891946
1892929
1893923
1894908
1896636
1897638
1898683
1899720
1900436
1901420
1902443
1903430
1904432
1905368
1906381
1907377
1908103
1909143
1909844
1910846
1911851
1912893
1913910
1914928
1915754
1916832
1917892
1918910
1920665
1921711
1922805
1923824
1924569
1925592
1926661
1927546
1928600
1929639
1930703
1931726
1932496
1933537
1934590
1935605
1936548
1937559
1938621
1939685
1940425
1941448
1942495
1944244
1945250
1946244
1947279
1948271
1949002
1950035
1951063
1952052
1953042
1954030
1955060
1956064
1956796
1957713
1958751
10479
115931
220034
320348
420668
522066
622410
722816
823136
923572
1023959
1124392
1224832
1325282
1425720
1526167
1626602
1663908
1664548
1665256
1665984
1666727
1667430
1668135
1668891
1669448
1670171
1670921
1671631
1672339
1673055
1673649
1674357
1674868
1675592
1676306
1677025
1677729
1678446
1679178
1679890
1680433
1681155
1683041
1683756
1684446
1685119
1685830
1686547
1687098
1687822
1688930
1690041
1691198
1692308
1693413
1694531
1695574
1696741
1697867
1698989
1700142
1701291
1702460
1703566
1704588
1705713
1706866
1707976
1709800
1710793
1711784
1712826
1713653
1714664
1715656
1716685
1717688
1718677
1719668
1720729
1721727
1722729
1723730
1724728
1725759
1726748
1727750
1728783
1729743
1730746
1731744
1733449
1734439
1735438
1736423
1737422
1738228
1739260
1740261
1741256
1742259
1743262
1744255
1745224
1746062
1747058
1748062
1749096
1750142
1751144
1752136
1753166
1753986
1755771
1756764
1757755
1758788
1759778
1760779
1761769
1762768
1763768
1764763
1765714
1766759
1767722
1768713
1769696
1770673
1771689
1772689
1773697
1774744
1775730
1776613
1777598
1779144
1780165
1781177
1782186
1783180
1784175
1785100
1786096
1786996
1788006
1789012
1790001
1791038
1792038
1793038
1794041
1794886
1795910
1796749
1797776
1798847
1799900
1800961
1801985
1803420
1804532
1805588
1806602
1807625
1808735
1809750
1810777
1811777
1812884
1813898
1814909
1815962
1817015
1818019
1819045
1819966
1820971
1821999
1823061
1824074
1825136
1826150
1827861
1828858
1829817
1830925
1831916
1832897
1833884
1834915
1835948
1836955
1837882
1838918
1839919
1840920
1841923
1842963
10568
116248
221964
322405
422865
524290
624770
725379
825850
926336
1027003
1127604
1228336
1328975
1429622
1530244
1630878
1731490
1832070
1932509
2032975
2133415
2233867
2382268
2432928
2455181
2455885
2456591
2457291
2458018
2458587
2459293
2460002
2460459
2461045
2461752
2462468
2463184
2463916
2464622
2465329
2465921
2466644
2468536
2469261
2469968
2470680
2471327
2472069
2472662
2473389
2474546
2475661
2476767
2477889
2479003
2480164
2481070
2482162
2483281
2484440
2485563
2486678
2487845
2489017
2489999
2491129
2492240
2493337
2495274
2496333
2497326
2498318
2499245
2500329
2501319
2502285
2503278
2504324
2505325
2506316
2507157
2508209
2509202
2510193
2511184
2512209
2513213
2514205
2515017
2516068
2517871
2518864
2519868
2520901
2521894
2522874
2523683
2524734
2525759
2526763
2527766
2528799
2529801
2530795
2531608
2532559
2533563
2534564
2535597
2536670
2537664
2538664
2539699
2541151
2542210
2543174
2544179
2545171
2546218
2547210
2548204
2548982
2550066
2551071
2552088
2553083
2554117
2555098
2556079
2557083
2558148
2559146
2560144
2561128
2562155
2563141
2564895
2565746
2566804
2567821
2568816
2569803
2570828
2571811
2572662
2573479
2574526
2575523
2576513
2577505
2578544
2579553
2580565
2581382
2582497
2583332
2584350
2585378
2586484
2587505
2589191
2590050
2591111
2592166
2593129
2594186
2595213
2596271
2597314
2598161
2599186
2600266
2601318
2602329
2603341
2604390
2605431
2606362
2607380
2608469
2609479
2610487
2611497
2613274
2614314
2615234
2616248
2617240
2618264
2619244
2620225
2621216
2622248
2623170
2624124
2625125
2626161
2627159
2628154
10620
118925
224346
324805
425150
526156
626470
726797
827121
927529
1027868
1128308
1228749
1329200
1429634
1530068
1630395
1748098
1748493
1749179
1749915
1750622
1751173
1751873
1752484
1753084
1753555
1754258
1754997
1755705
1756409
1757117
1757817
1758524
1758999
1759711
1760416
1760964
1761672
1762393
1763102
1763809
1764301
1766247
1767011
1767716
1768428
1769135
1769839
1770547
1771023
1772147
1773250
1774366
1775520
1776682
1777796
1778917
1779622
1780814
1781933
1782687
1783809
1784971
1786083
1787197
1787944
1789129
1790265
1792094
1793098
1794090
1795137
1796143
1796885
1797882
1798916
1799943
1800942
1801930
1802967
1803957
1804940
1805930
1806955
1807947
1808929
1809919
1810943
1811673
1812407
1813399
1815230
1816164
1817157
1818148
1819181
1819908
1820919
1821912
1822956
1823948
1824948
1825941
1826984
1827715
1828721
1829721
1830765
1831767
1832643
1833635
1834676
1835638
1837430
1838435
1839429
1840425
1841420
1842405
1843396
1844244
1845255
1846251
1847285
1848292
1849285
1850290
1851309
1852176
1853150
1854149
1855196
1856194
1857177
1858160
1859182
1860738
1861759
1862718
1863717
1864759
1865746
1866738
1867707
1868595
1869606
1870608
1871603
1872652
1873654
1874644
1875648
1876498
1877518
1878544
1879563
1880628
1881647
1882708
1883735
1885432
1886498
1887546
1888571
1889596
1890739
1891765
1892780
1893741
1894831
1895855
1896868
1897922
1898979
1900027
1901048
1901967
1902932
1903841
1904893
1905946
1906995
1908005
1909743
1910698
1911711
1912770
1913750
1914741
1915730
1916747
1917748
1918664
1919674
1920656
1921658
1922661
1923654
1924659
10208
115675
220950
321310
421624
523006
623346
723660
823974
924304
1024643
1125007
1225431
1325869
1426231
1526552
1626956
1727365
1827855
1928259
2060464
2092173
2092575
2093283
2094001
2094756
2095465
2096175
2096887
2097597
2098059
2098819
2099534
2100294
2100996
2101697
2102400
2102872
2103590
2104297
2104775
2105479
2106201
2108071
2108822
2109461
2110172
2110880
2111587
2112303
2113009
2114118
2115226
2116253
2117384
2118532
2119643
2120750
2121874
2123032
2124146
2125118
2126249
2127374
2128520
2129642
2130771
2131884
2133038
2134721
2135738
2136707
2137709
2138760
2139762
2140758
2141758
2142598
2143540
2144554
2145547
2146580
2147572
2148574
2149564
2150682
2151671
2152660
2153651
2154692
2155684
2157279
2158090
2159143
2160131
2161122
2162114
2163147
2164138
2165128
2165955
2166898
2167897
2168897
2169888
2170929
2171925
2172916
2173908
2174780
2175790
2176733
2177729
2178765
2180588
2181580
2182576
2183388
2184436
2185430
2186431
2187444
2188476
2189475
2190475
2191479
2192529
2193511
2194503
2195547
2196592
2197594
2198592
2199633
2200653
2201647
2202640
2204403
2205405
2206447
2207250
2208063
2209097
2210093
2211080
2212083
2213093
2214094
2215081
2215888
2216930
2217713
2218725
2219728
2220769
2221789
2222810
2223650
2224724
2225784
2226805
2228585
2229626
2230684
2231711
2232539
2233613
2234680
2235706
2236750
2237796
2238819
2239842
2240697
2241732
2242787
2243821
2244864
2245876
2246933
2248007
2248913
2249978
2250991
2252791
2253787
2254780
2255772
2256795
2257703
2258644
2259621
2260653
2261644
2262635
2263626
2264658
2265650
2266457
2267467
10160
115627
219976
320289
420594
521602
622011
722349
822812
923153
1023609
1123949
1224362
1324701
1425112
1525435
1625966
1695474
1702289
1702993
1703731
1704435
1705137
1705906
1706610
1707228
1707982
1708685
1709395
1710101
1710816
1711533
1712241
1712859
1713582
1714288
1714988
1715699
1716414
1717125
1717842
1718437
1719163
1721050
1721764
1722482
1723194
1723900
1724616
1725175
1725891
1726707
1727870
1728989
1730119
1731236
1732388
1733285
1734407
1735530
1736455
1737561
1738678
1739804
1740923
1741795
1742933
1744045
1745140
1747041
1748072
1749065
1750100
1750969
1752020
1753009
1753998
1754988
1756015
1757006
1757979
1758818
1759869
1760860
1761849
1762855
1763882
1764873
1765863
1766776
1767840
1768844
1770631
1771625
1772619
1773649
1774642
1775521
1776533
1777589
1778580
1779575
1780577
1781619
1782621
1783460
1784471
1785464
1786464
1787488
1788481
1789475
1790468
1791326
1793172
1794214
1795207
1796209
1797202
1798235
1799226
1800175
1801131
1802162
1803155
1804149
1805145
1806165
1807143
1808056
1809018
1810071
1811070
1812068
1813051
1814076
1815072
1816825
1817721
1818743
1819795
1820781
1821777
1822764
1823798
1824811
1825698
1826722
1827760
1828748
1829747
1830743
1831797
1832803
1833691
1834730
1835802
1836822
1837849
1838917
1839985
1841793
1842715
1843779
1844807
1845875
1846933
1847949
1848933
1850049
1850896
1851915
1852925
1854016
1855029
1856050
1857073
1858156
1858985
1859907
1860982
1862033
1863044
1864054
1865788
1866789
1867825
1868633
1869625
1870605
1871627
1872616
1873617
1874611
1875644
1876523
1877526
1878516
1879335
1880209
10504
119204
224902
325324
425848
527295
627638
728067
828517
928934
1029383
1129825
1230276
1330617
1430904
1531335
1631739
1732407
1878562
1929210
1938909
1939643
1940361
1941068
1941785
1942472
1943205
1943951
1944578
1945212
1945955
1946664
1947378
1948071
1948799
1949525
1950277
1950985
1951691
1952433
1953140
1953846
1954542
1956209
1956936
1957643
1958387
1959097
1959803
1960516
1961223
1962203
1963338
1964494
1965607
1966713
1967778
1968893
1970043
1970941
1972076
1973202
1974372
1975499
1976613
1977746
1978910
1979812
1980942
1982769
1983773
1984763
1985750
1986729
1987725
1988558
1989565
1990568
1991560
1992591
1993594
1994597
1995494
1996327
1997325
1998329
1999321
2000382
2001313
2002304
2003296
2004738
2005749
2006599
2007589
2008617
2009609
2010600
2011591
2012575
2013586
2014578
2015581
2016607
2017565
2018518
2019511
2020466
2021478
2022472
2023463
2024498
2025533
2026528
2028310
2029178
2030250
2031252
2032256
2033255
2034297
2035298
2036308
2037123
2038170
2039170
2040176
2041158
2042191
2043173
2044169
2044984
2046064
2046876
2047868
2048852
2049871
2051666
2052668
2053474
2054510
2055495
2056456
2057451
2058491
2059493
2060496
2061380
2062424
2063413
2064401
2065411
2066461
2067397
2068400
2069196
2070141
2071160
2072177
2073244
2074305
2076119
2077176
2078097
2079126
2080209
2081277
2082302
2083319
2084414
2085468
2086488
2087512
2088601
2089624
2090647
2091668
2092773
2093786
2094607
2095678
2096735
2097606
2098627
2100398
2101391
2102439
2103317
2104311
2105291
2106311
2107291
2108290
2109280
2110310
2111131
2112130
2113121
2114154
2115146
10576
116254
221904
322345
422785
524236
624773
725408
825946
926583
1027215
1127697
1228241
1328736
1429183
1529715
1630151
1730569
1831024
1931460
2065007
2074261
2074972
2075724
2076432
2077148
2077802
2078522
2079231
2079707
2080430
2081146
2081885
2082575
2083286
2083992
2084697
2085188
2085914
2086634
2087339
2088053
2088775
2090671
2091385
2091878
2092610
2093355
2094087
2094837
2095546
2096672
2097815
2098570
2099431
2100583
2101741
2102763
2103875
2104987
2106163
2107107
2108187
2109311
2110432
2111582
2112710
2113825
2114948
2116348
2117397
2118388
2119177
2120217
2121215
2122213
2123205
2123958
2124955
2125956
2126950
2127992
2129007
2129738
2130722
2131473
2132470
2133467
2134459
2135489
2136488
2138241
2139237
2139966
2140931
2141924
2142909
2143958
2144955
2145957
2146974
2147739
2148735
2149718
2150698
2151734
2152723
2153714
2154470
2155199
2156202
2157203
2158196
2159197
2160966
2161960
2162951
2163703
2164705
2165697
2166688
2167718
2168725
2169721
2170715
2171750
2172788
2173770
2174753
2175781
2176780
2177780
2178789
2179570
2180416
2181411
2182418
2184250
2185255
2186266
2187277
2188148
2189057
2190051
2191041
2192098
2193103
2194122
2195118
2196030
2197042
2198029
2199040
2200151
2201151
2202176
2203205
2204168
2205202
2206216
2207233
2208990
2210085
2211133
2212147
2213088
2214190
2215206
2216220
2217261
2218304
2219327
2220339
2221195
2222085
2223099
2224083
2225130
2226186
2227203
2228269
2229091
2230157
2231152
2232892
2233887
2234885
2235919
2236910
2237708
2238708
2239736
2240734
2241732
2242747
2243785
2244778
2245692
2246705
2247738
10569
116261
221957
322396
422745
523743
624132
724605
825005
925495
1025904
1126611
1227162
1327605
1428037
1528720
1629134
1729809
1830444
1931119
2031751
2132427
2233066
2350424
2400797
2434177
2434594
2435303
2436010
2436728
2437403
2437968
2438695
2439366
2440219
2440788
2441502
2442248
2442971
2443692
2444441
2445138
2445854
2447779
2448551
2449256
2449921
2450686
2451308
2451964
2452692
2453800
2454907
2456015
2457127
2458210
2459319
2460222
2461348
2462515
2463626
2464732
2465845
2466999
2468108
2469178
2470230
2471351
2472520
2474387
2475363
2476359
2477354
2478345
2479357
2480354
2481355
2482387
2483388
2484380
2485381
2486216
2487227
2488227
2489230
2490288
2491100
2491908
2492955
2493804
2494837
2496646
2497641
2498673
2499700
2500681
2501670
2502500
2503496
2504488
2505478
2506510
2507503
2508494
2509280
2510087
2511093
2512085
2513089
2514080
2515071
2516061
2517053
2517861
2519679
2520673
2521666
2522718
2523713
2524706
2525708
2526546
2527497
2528513
2529518
2530598
2531741
2532726
2533711
2534740
2535701
2536724
2537736
2538781
2539775
2540767
2541764
2543459
2544421
2545434
2546435
2547420
2548453
2549441
2550470
2551471
2552327
2553243
2554249
2555236
2556261
2557249
2558250
2559288
2560337
2561242
2562130
2563123
2564179
2565238
2566264
2568028
2569075
2570163
2570990
2572022
2573077
2574092
2575118
2576169
2577225
2578309
2579337
2580408
2581420
2582402
2583426
2584468
2585489
2586542
2587368
2588399
2589413
2590468
2592263
2593270
2594275
2595279
2596203
2597192
2598171
2599161
2600236
2601236
2602246
2603228
2604104
2605114
2606103
2607094
7683
113030
216921
317240
417736
518748
619110
719451
819772
920088
1020404
1120718
1221044
1321353
1421650
1521972
1622289
1762323
1763043
1763769
1764521
1765231
1765936
1766640
1767350
1767907
1768670
1769369
1770090
1770794
1771500
1772106
1772809
1773351
1774078
1774784
1775498
1776206
1776928
1777645
1778360
1778904
1779631
1781509
1782160
1782868
1783578
1784288
1784995
1785710
1786430
1787539
1788688
1789815
1790943
1792067
1793183
1794342
1795471
1796582
1797736
1798885
1800036
1801142
1802252
1803274
1804438
1805555
1806665
1808498
1809492
1810525
1811516
1812438
1813397
1814433
1815424
1816415
1817406
1818438
1819431
1820423
1821230
1822269
1823204
1824211
1825197
1826232
1827227
1828222
1829060
1830070
1831906
1832850
1833855
1834884
1835888
1836892
1837736
1838723
1839715
1840708
1841700
1842732
1843727
1844730
1845732
1846684
1847697
1848689
1849716
1850752
1851741
1852739
1854524
1855458
1856444
1857452
1858443
1859434
1860471
1861463
1862467
1863462
1864502
1865508
1866523
1867503
1868524
1869505
1870499
1871498
1872454
1873417
1874326
1875310
1876291
1878054
1879068
1880078
1881087
1882116
1882950
1883955
1884870
1885874
1886878
1887882
1888919
1889822
1890626
1891625
1892667
1893671
1894690
1895717
1896784
1897813
1898640
1899745
1900787
1902581
1903628
1904673
1905687
1906742
1907676
1908701
1909715
1910804
1911847
1912869
1913879
1914929
1915788
1916819
1917830
1918910
1919922
1920930
1921985
1922807
1923830
1924757
1926487
1927485
1928521
1929525
1930511
1931376
1932406
1933395
1934397
1935407
1936454
1937446
1938450
1939291
1940359
1941361
10570
116268
221997
322441
423051
524063
624590
724924
825547
926031
1026577
1126913
1227333
1327670
1428097
1528441
1628907
1729253
1858024
1888810
1889559
1890239
1890946
1891684
1892237
1892954
1893704
1894420
1895126
1895868
1896591
1897295
1898001
1898701
1899407
1900145
1900864
1901570
1902275
1902950
1903667
1904371
1905074
1906953
1907670
1908370
1909096
1909694
1910354
1911061
1911764
1912889
1914089
1915169
1916278
1917392
1918295
1919465
1920469
1921577
1922695
1923850
1924972
1926080
1926984
1928153
1929271
1930378
1931494
1933320
1934317
1935357
1936164
1937193
1938205
1939205
1940218
1941221
1942225
1943237
1944047
1945060
1946101
1947103
1948095
1949098
1950163
1951169
1952082
1953083
1954116
1955952
1956945
1957936
1958927
1959954
1960961
1961952
1962943
1963972
1964964
1965950
1966937
1967964
1968787
1969786
1970776
1971620
1972615
1973608
1974608
1975649
1976458
1977471
1979258
1980257
1981259
1982259
1983250
1984256
1985063
1986073
1987075
1988122
1989126
1990123
1991129
1991982
1992783
1993774
1994769
1995812
1996824
1997823
1998819
1999874
2000674
2002083
2003084
2004123
2005124
2006153
2007137
2008165
2009153
2010077
2011090
2012008
2012996
2013983
2015011
2016038
2017040
2017969
2018940
2019999
2021017
2022040
2023091
2024189
2025210
2026985
2027834
2028887
2029946
2030963
2032028
2032886
2033945
2034989
2035905
2036938
2037992
2039058
2040080
2041106
2042143
2043188
2044016
2045045
2046139
2047069
2048099
2049122
2050929
2051973
2052796
2053794
2054774
2055794
2056772
2057753
2058746
2059775
2060689
2061694
2062597
2063640
2064654
2065644
10263
115731
219846
320265
420643
521932
622463
722786
823205
923626
1024045
1124492
1224928
1325427
1425886
1526254
1626711
1727247
1827660
1928138
2028541
2129057
2229687
2330220
2387390
2438056
2488686
2539349
2589978
2598189
2598876
2599636
2600330
2601013
2601764
2602464
2603174
2603868
2604504
2605223
2605930
2606639
2607350
2609289
2610002
2610712
2611327
2612059
2612766
2613470
2614198
2615331
2616445
2617557
2618532
2619616
2620730
2621845
2623008
2624119
2625231
2626355
2627290
2628457
2629571
2630696
2631820
2632982
2633978
2635815
2636786
2637778
2638838
2639873
2640878
2641884
2642923
2643914
2644755
2645755
2646785
2647787
2648778
2649805
2650825
2651837
2652675
2653517
2654518
2655509
2656500
2658293
2659288
2660278
2661227
2662239
2663271
2664262
2665253
2666244
2667275
2668265
2669196
2670210
2671136
2672129
2673122
2674116
2675139
2676138
2677026
2678030
2679072
2680067
2681849
2682848
2683841
2684780
2685588
2686587
2687583
2688569
2689589
2690606
2691602
2692650
2693615
2694619
2695562
2696595
2697592
2698604
2699638
2700577
2701517
2702510
2703494
2705285
2706304
2707316
2708315
2709303
2710228
2711225
2712211
2713253
2714256
2715258
2716254
2717280
2718274
2719273
2720274
2721278
2722282
2723261
2724280
2725300
2726323
2727390
2728411
2730177
2731271
2732320
2733336
2734359
2735251
2736288
2737298
2738343
2739391
2740450
2741461
2742515
2743339
2744392
2745455
2746516
2747528
2748611
2749699
2750697
2751523
2752581
2754317
2755313
2756307
2757270
2758262
2759241
2760087
2761122
2762114
2763104
2764109
2765139
2766132
2767092
2768104
2769146
10493
116164
221855
322198
422459
523449
623762
724078
824443
924873
1025230
1125564
1226075
1326411
1426820
1527254
1627685
1728026
1837764
1838175
1838889
1839616
1840368
1841084
1841829
1842565
1843193
1843809
1844522
1845254
1845970
1846682
1847408
1848094
1848830
1849422
1850138
1850841
1851546
1852273
1852978
1853654
1854363
1855879
1856607
1857317
1858024
1858733
1859445
1860166
1860902
1862018
1863139
1864244
1865357
1866525
1867634
1868742
1869819
1870808
1871976
1873087
1874204
1875329
1876479
1877597
1878714
1879783
1880911
1882868
1883864
1884859
1885857
1886808
1887801
1888714
1889727
1890762
1891756
1892747
1893741
1894789
1895793
1896753
1897766
1898758
1899786
1900770
1901758
1902784
1903652
1904460
1906299
1907305
1908335
1909325
1910316
1911306
1912359
1913166
1914174
1915031
1916064
1917055
1918046
1919046
1920089
1920903
1921816
1922826
1923824
1924816
1925848
1926843
1928691
1929694
1930498
1931508
1932572
1933575
1934574
1935575
1936617
1937621
1938448
1939319
1940372
1941355
1942337
1943319
1944356
1945356
1946325
1947331
1948355
1949340
1950359
1952109
1953110
1954154
1955154
1956154
1957067
1958125
1959111
1960123
1961125
1962169
1963156
1964142
1964949
1965995
1966884
1967887
1968891
1969946
1970963
1971993
1972835
1973809
1974843
1976510
1977567
1978666
1979690
1980715
1981782
1982605
1983640
1984695
1985749
1986806
1987818
1988883
1989898
1990881
1991954
1993014
1994026
1995036
1996172
1997167
1998180
1999110
2000943
2001981
2002975
2003976
2004966
2006001
2006981
2007884
2008884
2009874
2010876
2011867
2012857
2013856
2014847
2015761
10828
116507
222370
322739
423071
524480
624823
725235
825575
925886
1026199
1126511
1226845
1327271
1427582
1528002
1628525
1739379
1739769
1740486
1741198
1741913
1742614
1743323
1744044
1744796
1745268
1745985
1746467
1747170
1747891
1748595
1749304
1750027
1750518
1751216
1751919
1752627
1753331
1754042
1754660
1755364
1755904
1757650
1758376
1759085
1759792
1760496
1761203
1761922
1762452
1763574
1764677
1765791
1766952
1768077
1769183
1770294
1771363
1772486
1773594
1774714
1775831
1777002
1778116
1779224
1780165
1781329
1782448
1784274
1785278
1786281
1787346
1788349
1789353
1790265
1791325
1792327
1793319
1794311
1795344
1796337
1797329
1798244
1799292
1800318
1801307
1802297
1803327
1804318
1805307
1806147
1807949
1808982
1809974
1810965
1811963
1813003
1813995
1814836
1815845
1816888
1817881
1818901
1819894
1820928
1821930
1822735
1823745
1824781
1825774
1826765
1827769
1828805
1830584
1831463
1832466
1833495
1834500
1835493
1836493
1837529
1838536
1839527
1840543
1841577
1842574
1843555
1844537
1845549
1846545
1847549
1848487
1849526
1850573
1851554
1852537
1854292
1855330
1856340
1857341
1858325
1859366
1860353
1861381
1862385
1863233
1864253
1865249
1866247
1867275
1868263
1869162
1870165
1871213
1872253
1873282
1874310
1875391
1876460
1877481
1878933
1879988
1881079
1882102
1883130
1884189
1885249
1886269
1887273
1888327
1889387
1890340
1891407
1892404
1893468
1894483
1895491
1896537
1897615
1898722
1899905
1900911
1901914
1903695
1904726
1905719
1906706
1907685
1908661
1909642
1910547
1911493
1912490
1913481
1914468
1915501
1916489
1917491
1918478
10846
116499
222200
322623
422988
523985
624303
724620
824930
925244
1025560
1125875
1226189
1326504
1426766
1527078
1627342
1756415
1757125
1757833
1758538
1759243
1759946
1760651
1761260
1761961
1762665
1763362
1764081
1764787
1765505
1766212
1766909
1767503
1768211
1768961
1769663
1770366
1771122
1771837
1772517
1773134
1773866
1775741
1776460
1777239
1777955
1778672
1779462
1780058
1780785
1781897
1783059
1784177
1785292
1786418
1787573
1788478
1789592
1790707
1791841
1792988
1794124
1795248
1796365
1797294
1798422
1799533
1800714
1802579
1803610
1804600
1805601
1806600
1807630
1808621
1809623
1810614
1811641
1812631
1813506
1814507
1815534
1816524
1817515
1818420
1819449
1820439
1821247
1822246
1823279
1824251
1826049
1827052
1828040
1829090
1829900
1830902
1831904
1832940
1833943
1834943
1835945
1836987
1837795
1838592
1839623
1840615
1841630
1842634
1843681
1844716
1845556
1846569
1848386
1849419
1850457
1851446
1852435
1853462
1854271
1855269
1856260
1857290
1858286
1859077
1860077
1861098
1861850
1862843
1863844
1864852
1865859
1866857
1867837
1868828
1869766
1871514
1872523
1873568
1874578
1875563
1876535
1877438
1878432
1879362
1880374
1881418
1882415
1883412
1884409
1885251
1886284
1887309
1888322
1889384
1890209
1891240
1892256
1893191
1894223
1895981
1897039
1898087
1899145
1900020
1901087
1902095
1903149
1904184
1905228
1906250
1907297
1908352
1909176
1910202
1911228
1912281
1913292
1914301
1915394
1916405
1917260
1918282
1920056
1921044
1922049
1923051
1924033
1925059
1926009
1926984
1927975
1929015
1930009
1931010
1932002
1933045
1934003
1935016
10435
116090
221572
321912
422322
523447
623861
724223
824634
924996
1025318
1125633
1225947
1326263
1426593
1526994
1627333
1727644
1827959
1897513
1925655
1926388
1927146
1927862
1928570
1929282
1929993
1930709
1931177
1931900
1932602
1933319
1934024
1934733
1935447
1936171
1936654
1937363
1938105
1938823
1939508
1940225
1940932
1942596
1943125
1943836
1944563
1945267
1945978
1946686
1947403
1948520
1949419
1950584
1951698
1952847
1953964
1955078
1956201
1957349
1958377
1959504
1960612
1961723
1962890
1964001
1965118
1966239
1967390
1969297
1970336
1971328
1972550
1973554
1974545
1975550
1976561
1977573
1978565
1979567
1980560
1981555
1982550
1983544
1984385
1985434
1986437
1987438
1988431
1989453
1990450
1992219
1993064
1993979
1995040
1996034
1997025
1998026
1999067
2000095
2001097
2001938
2002974
2003964
2004955
2005944
2006972
2007964
2008954
2009868
2010918
2011931
2012922
2013914
2015747
2016783
2017774
2018690
2019722
2020758
2021751
2022781
2023778
2024804
2025810
2026646
2027660
2028685
2029676
2030666
2031661
2032704
2033567
2034533
2035538
2036534
2037521
2039282
2040295
2041348
2042358
2043274
2044185
2045228
2046215
2047220
2048223
2049268
2050289
2051274
2052111
2053139
2054001
2055003
2056006
2057064
2058082
2059098
2060034
2061137
2062155
2063913
2064961
2066007
2067061
2068033
2068901
2069924
2070977
2072027
2073081
2074097
2075142
2076208
2077108
2078085
2079148
2080209
2081224
2082238
2083331
2084306
2085329
2086191
2087994
2089035
2090033
2091029
2092009
2093059
2094075
2094989
2095988
2097023
2098016
2099007
2100034
2101075
2102065
2102904
10509
116191
221893
322247
422557
523553
623872
724210
824527
924894
1025236
1125555
1225870
1326188
1426501
1526910
1627273
1727736
1795996
1811987
1812717
1813423
1814168
1814872
1815571
1816318
1817025
1817619
1818379
1819104
1819839
1820583
1821298
1821984
1822697
1823365
1824081
1824785
1825497
1826211
1826932
1827646
1828349
1830141
1830868
1831581
1832291
1833005
1833740
1834455
1835170
1836293
1837316
1838411
1839411
1840566
1841688
1842797
1843918
1845065
1845962
1847082
1848210
1849330
1850512
1851620
1852728
1853839
1854766
1856425
1857420
1858414
1859414
1860446
1861438
1862428
1863268
1864324
1865329
1866319
1867334
1868369
1869289
1870279
1871085
1872096
1873046
1874037
1875039
1876053
1877054
1878056
1879631
1880679
1881673
1882666
1883666
1884703
1885704
1886707
1887595
1888665
1889663
1890627
1891642
1892677
1893670
1894661
1895480
1896558
1897560
1898551
1899496
1900599
1902413
1903223
1904219
1905208
1906251
1907243
1908094
1909088
1909985
1910797
1911814
1912851
1913847
1914837
1915830
1916854
1917850
1918667
1919541
1920621
1921615
1922602
1923590
1925252
1926297
1927299
1928115
1929110
1929903
1930910
1931907
1932951
1933964
1934989
1935942
1936982
1937977
1938977
1939989
1940999
1942013
1943042
1943982
1945013
1946027
1947086
1948117
1949915
1950972
1952018
1952843
1953865
1954962
1955941
1956956
1957998
1959042
1959914
1960926
1961789
1962874
1963887
1964899
1965941
1966993
1968012
1969079
1969901
1970765
1971775
1973523
1974522
1975526
1976569
1977425
1978224
1979206
1980190
1981182
1982174
1983170
1984220
1985220
1986027
1987037
1988032
