20511
40017
64528
65865
67191
68515
69894
71253
72611
73945
75274
76599
77966
79334
80664
82001
83326
84648
86023
87389
88724
90087
91421
92756
94120
95494
96837
98169
99601
100930
102298
103713
105031
106363
107700
109263
110593
111976
113339
114668
116001
117328
118659
120035
121394
122764
124100
125429
126757
128134
129504
131263
132982
134686
136396
138115
139875
141580
143302
145006
146714
148505
150250
151998
153756
155495
157242
158955
160683
162391
164105
165807
167512
169227
170931
172671
174446
176190
177941
179691
181432
183173
184890
186594
188307
190072
191776
193480
195199
196903
198713
200467
202210
203956
205712
207451
209221
210950
212655
214359
216073
217778
219485
221203
222911
224698
226452
228202
229952
231709
233471
235211
236937
238638
240696
242407
244104
245810
247527
249479
251190
252904
254647
256415
258183
259934
261702
263454
265192
266902
268618
270354
272074
273798
275509
277221
278938
280674
282431
284209
285963
287711
289478
291261
292971
294689
296441
298153
299843
301549
303259
304966
306678
308432
310208
311994
313755
315520
317266
318990
320741
322454
324184
325935
327649
329363
331104
332819
334576
336357
338129
339886
341664
343426
345182
346910
348683
350435
352147
353852
355581
357324
359036
360755
362532
364271
366046
367799
369537
371286
373001
374698
376400
378120
379822
381526
383239
384943
386696
388450
20423
40223
64297
65645
67002
68319
69630
70955
72277
73667
75042
76366
77690
79018
80330
81680
83045
84371
85677
87227
88565
89873
91230
92576
93886
95212
96524
97846
99559
100911
102228
103545
104861
106210
107584
108931
110242
111567
112890
114195
115558
116908
118236
119554
120875
122190
123581
124945
126262
127819
129141
130819
132524
134208
135941
137679
139421
141156
142888
144610
146285
148198
149936
151625
153318
154999
156957
158653
160329
162056
163789
165517
167254
168998
170735
172433
174128
175811
177797
179491
181176
182879
184573
186262
187992
189728
191476
193216
194956
196686
198602
200285
201971
203662
205358
207060
208761
210451
212149
213873
215604
217331
219113
220841
222565
224264
225967
227695
229398
231083
232773
234470
236173
237922
239658
241429
243160
244888
246621
248338
250026
251717
253390
255095
256806
258499
260203
261931
263653
265394
267117
268876
270651
272345
274028
275761
277481
279160
280872
282579
284269
286012
287753
289503
291269
293011
294750
296444
298173
299927
301622
303302
304993
306691
308375
310104
311848
313579
315328
317076
318844
320599
322315
324027
325769
327486
329191
330897
332605
334316
336075
337811
339555
341397
343141
344878
346643
348422
350113
351816
353523
355219
356917
358621
360310
362044
363777
365506
367237
368996
370712
372410
374103
375820
377511
379193
380870
382555
384240
385974
20768
39858
63190
64515
65864
67227
68622
69944
71263
72586
73936
75304
76629
77945
79262
80585
81936
83311
84638
85958
87277
88600
89955
91322
92944
94264
95586
96924
98247
99611
100957
102275
103598
104924
106242
107593
110051
112362
114066
115628
117717
119515
121065
122440
123762
125680
127364
128825
130155
131526
132880
134557
136279
137970
139661
141357
143051
144746
146445
148174
149964
151727
153483
155214
156972
158657
160352
162042
163734
165431
167120
168809
170500
172227
173990
175725
177454
179186
180917
182630
184312
186023
187703
189396
191096
192788
194517
196243
197976
200049
201790
203547
205271
207002
208695
210380
212077
213769
215453
217149
218842
220631
222373
224119
225849
227582
229319
231053
232762
234455
236177
237867
239564
241252
242942
244650
246378
248102
249828
251552
253287
255007
256698
258394
260091
261785
263486
265181
266871
268565
270317
272056
274023
275766
277493
279232
280967
282656
284362
286087
287786
289484
291185
292880
294808
296510
298253
299974
301708
303434
305170
306897
308585
310281
311970
313660
315420
317118
318811
320556
322295
324059
325824
327580
329320
331061
332781
334483
336190
337906
339618
341327
343019
344761
346473
348219
349938
351697
353432
355186
356942
358646
360345
362052
363754
365465
367163
368852
370555
372282
374016
375747
377480
379215
380945
382642
384333
386016
387716
389410
20375
39952
64375
65700
67033
68416
69785
71120
72447
73785
75118
76486
77886
79221
80570
81895
83259
84586
85953
87286
88612
89942
91275
92622
93980
95317
96648
97977
99726
101043
102426
103784
105109
106435
107769
109099
110458
111825
113159
114494
115812
117132
118492
119861
121188
122522
123870
125194
126549
127919
129238
130963
132672
134393
136092
137802
139503
141199
142981
144714
146467
148217
150022
151768
153509
155205
156913
158606
160304
162003
163728
165466
167173
168905
170647
172386
174126
175861
177608
179308
181083
182789
184517
186214
187930
189634
191331
193046
194787
196527
198290
200017
201755
203499
205210
206907
208604
210300
211998
213735
215462
217175
218919
220655
222397
224145
225879
227616
229321
231033
232724
234457
236167
237859
239573
241270
242975
244721
246485
248222
250015
251748
253481
255198
256922
258629
260346
262037
263765
265504
267215
268968
270724
272476
274227
275972
277715
279453
281184
282893
284631
286337
288043
289749
291461
293178
294934
296679
298449
300201
301936
303672
305414
307125
308815
310506
312229
313948
315708
317441
319156
320896
322669
324436
326183
327935
329686
331424
333152
334946
336670
338381
340074
341791
343517
345227
346973
348817
350575
352319
354090
355852
357601
359319
361027
362725
364437
366171
367866
369573
371262
372947
374691
376428
378163
379908
381641
383343
385296
386995
20468
39701
63899
65230
66553
67885
69223
70588
71960
73296
74622
75967
77297
78624
79996
81409
82732
84051
85423
86748
88113
89482
90805
92124
93476
94965
96339
97757
99483
100819
102144
103470
104800
106164
107529
108872
110184
111511
112834
114197
115553
116876
118204
119538
120865
122304
123660
125021
126367
127698
129027
130777
132532
134291
136034
137783
139544
141243
142954
144651
146386
148098
149802
151495
153204
154992
156758
158503
160235
161971
163721
165447
167160
168871
170569
172273
173983
175970
177686
179397
181098
182873
184625
186358
188105
189872
191607
193310
195022
196775
198532
200238
201936
203638
205359
207058
208800
210538
212280
214020
215774
217528
219222
220936
222638
224341
226093
227792
229496
231206
232987
234727
236492
238228
239975
241727
243460
245160
246880
248631
250331
252041
253736
255433
257150
258887
260637
262387
264124
265865
267645
269358
271075
272793
274491
276234
277947
279645
281357
283347
285052
286800
288557
290306
292050
293836
295575
297295
299121
300823
302529
304237
305936
307642
309349
311052
312803
314564
316309
318092
319854
321602
323325
325059
326810
328514
330243
331958
333714
335453
337180
338926
340678
342441
344197
345956
347725
349865
351626
353329
355052
356876
358585
360301
362018
363717
365417
367124
368872
370610
372357
374088
375834
377867
379600
381301
383014
384751
386495
388204
20289
39470
63120
64438
65762
67082
68405
69771
71135
72457
73792
75120
76438
77806
79168
80488
81816
83139
84460
85834
87192
88515
89835
91160
92480
93845
95209
96529
97858
99529
100846
102173
103538
104848
106176
107498
108814
110143
111531
112850
114177
115504
116824
118143
119507
120825
122151
123474
124791
126123
127504
129232
130976
132670
134359
136060
137761
139444
141144
142828
144514
146244
147979
150161
151885
153824
155547
157271
159003
160693
162385
164070
165766
167457
169154
170838
172533
174283
176020
177763
179496
181229
182988
184672
186359
188047
189745
191432
193123
194809
196500
198236
199986
201711
203479
205211
206932
208625
210312
212006
213692
215392
217103
218786
220481
222236
223969
225735
227471
229194
230925
232639
234331
236026
237724
239414
241118
242813
244512
246245
247974
250106
251839
253619
255349
257095
258787
260472
262172
263856
265545
267290
268992
270686
272417
274176
275908
277647
279406
281138
283064
284757
286448
288158
289872
291569
293285
294995
296676
298448
300173
301901
303931
305665
307388
309136
310838
312532
314239
315952
317677
319385
321098
322810
324684
326419
328169
329928
331672
333459
335274
337015
338703
340426
342132
343829
345539
347257
349034
350740
352460
354230
355979
357726
359461
361202
362931
364621
366323
368048
369731
371425
373121
374833
376532
378261
379990
381731
383477
385204
20245
39632
83175
84951
86483
87877
89227
90588
91967
93292
94617
95953
97277
98662
100037
101357
102681
104040
105351
106840
108220
109582
110908
112245
113593
114919
116292
117660
118985
120316
121641
122965
124357
125719
127047
128376
129699
131025
132396
133754
135075
136409
137733
139059
140432
141795
143118
144469
145796
147121
148521
150252
151991
153744
155478
157173
158892
160585
162284
164032
165729
167416
169124
170849
172584
174368
176101
177841
179598
181295
182992
184726
186423
188123
189837
191534
193234
194982
196715
198487
200235
201966
203700
205464
207163
208875
210588
212287
214023
215735
217430
219129
220895
222626
224405
226149
227886
229622
231333
233027
234746
236456
238149
239851
241562
243259
244961
246709
248487
250221
252000
253729
255488
257193
258915
260610
262320
264037
265739
267445
269139
270875
272625
274362
276132
277886
279627
281327
283039
284768
286469
288181
289889
291596
293308
295007
296749
298539
300299
302049
303804
305569
307273
309026
310720
312420
314159
315863
317557
319273
320966
322697
324449
326229
327968
329724
331465
333173
334914
336629
338344
340065
341779
343515
345237
346973
348804
350585
352330
354087
355880
357622
359346
361077
362783
364520
366235
367952
369648
371360
373079
374835
376598
378340
380094
381846
383585
385304
387013
388707
390406
392114
393843
395541
397251
399039
400773
402522
404287
406051
20395
39520
63050
64377
65706
67024
68398
69773
71094
72420
73749
75075
76443
77810
79136
80460
81787
83107
84474
85840
87163
88491
89822
91144
92509
93868
95195
96528
97861
99502
100848
102215
103533
104859
106187
107512
108835
110229
111551
112878
114199
115522
116854
118215
119535
120860
122188
123500
124831
126205
127529
129231
130936
132629
134330
136037
137736
139433
141172
142917
144656
146400
148125
149843
151547
153238
154936
156638
158332
160033
161757
163452
165171
166893
168611
170329
172055
173765
175469
177168
178862
180558
182259
183955
185660
187362
189091
190836
192576
194307
196049
197790
199881
201601
203305
204997
206694
208396
210111
211807
213508
215200
216966
218705
220440
222183
223927
225647
227342
229044
230760
232464
234171
235861
237562
239263
240993
242737
244483
246212
247947
250108
251868
253575
255282
256980
258685
260657
262353
264053
265762
267482
269194
270938
272672
274413
276160
277881
279598
281342
283046
284755
286462
288160
289865
291575
293279
295027
296768
298562
300297
302268
303999
305740
307443
309141
310879
312642
314339
316059
317806
319509
321274
323040
324785
326535
328304
330049
331821
333550
335259
336967
338674
340391
342104
343819
345520
347243
349089
350843
352635
354390
356144
357885
359599
361329
363026
364731
366424
368301
370004
371692
373385
375118
376849
378592
380332
382084
383828
385532
20353
39487
63559
64922
66240
67569
68891
70233
71619
72968
74291
75612
76928
78249
79611
80956
82276
83598
84915
86232
87594
88935
90259
91607
92926
94250
95617
96979
98323
99636
100994
102314
103634
104976
106297
107649
108965
110309
111631
112970
114290
115611
116929
118275
119631
120962
122283
123606
124922
126245
127606
129320
131049
132787
134523
136218
137918
139606
141318
143013
144702
146395
148079
150168
151898
153635
155358
157087
158823
160535
162246
163940
165628
167320
169050
170738
172435
174129
175852
177585
179329
181039
182787
184532
186227
187921
189613
191298
192991
194692
196380
198060
200240
201943
203705
205442
207165
208896
210636
212351
214039
215736
217419
219189
220905
222584
224274
226001
227724
229461
231201
232931
234667
236361
238049
239744
241438
243121
244814
246508
248198
249981
251685
253475
255216
256948
258703
260392
262122
263811
265509
267206
268909
270610
272296
274016
275774
277499
279238
280992
282735
284454
286161
287861
289552
291255
292951
294646
296338
298030
300161
301893
303632
305368
307098
308824
310571
312302
313989
315701
317409
319109
320821
322541
324233
325966
327722
329474
331217
333011
334742
336464
338173
339877
341586
343292
344983
346698
348423
350105
351861
353656
355369
357106
358853
360591
362397
364107
365793
367480
369172
370859
372548
374266
375972
377699
379439
381163
383101
384842
20311
39525
63075
64427
65730
67056
68411
69750
71074
72398
73740
75085
76425
77758
79080
80405
81719
83035
84378
85735
87061
88375
89696
91023
92379
93752
95102
96423
97743
99367
100684
102025
103352
104695
106017
107357
108672
110017
111340
112651
114000
115323
116655
118000
119346
120661
121982
123308
124671
126017
127346
129035
130725
132419
134118
135808
137515
139196
140906
142655
144366
146071
147785
149811
151517
153203
154914
156604
158311
159998
161690
163403
165088
166799
168519
170223
171939
173657
175366
177050
178750
180435
182129
183848
185540
187233
188939
190648
192615
194356
196052
197767
199861
201562
203252
204990
206671
208357
210061
211747
213438
215135
216839
218548
220257
222087
223836
225584
227285
228976
230678
232360
234072
235770
237458
239148
240867
242571
244289
246025
247721
249749
251445
253132
255119
256824
258515
260208
261907
263589
265281
267015
268731
270447
272166
273875
275784
277527
279223
280923
282631
284321
286021
287725
289446
291144
292885
294599
296308
298025
300152
301859
303575
305306
306995
308699
310397
312093
313795
315499
317204
318933
320658
322401
324141
325883
327883
329662
331360
333083
334831
336520
338212
339933
341630
343356
345059
346783
348542
350258
351981
353705
355474
357174
358874
360577
362258
363960
365659
367335
369025
370744
372452
374164
375913
377644
379337
381033
382729
384424
20297
39424
62898
64217
65560
66885
68234
69582
70899
72258
73601
74923
76274
77626
78947
80272
81594
82938
84285
85625
86945
88330
89687
91006
92374
93722
95043
96372
97701
99266
100604
101968
103288
104613
105940
107255
108593
109944
111261
112583
113916
115230
116573
117924
119242
120566
121903
123266
124606
125962
127281
128980
130681
132367
134086
135790
137488
139197
140914
142635
144353
146075
147788
149764
151486
153170
154859
156556
158244
159943
161640
163371
165069
166786
168498
170219
171932
173684
175379
177080
178769
180464
182165
183878
185580
187281
188970
190703
192427
194142
195858
197567
199487
201182
202879
204577
206267
207985
209670
211366
213093
214796
216515
218240
219950
221668
223374
225063
226759
228456
230145
231840
233578
235268
236980
238700
240435
242145
243870
245580
247270
249056
250742
252446
254185
255880
257626
259322
261012
262746
264475
266197
267932
269658
271347
273045
274757
276444
278150
279878
281566
283277
284981
286697
288422
290151
291926
293648
295344
297033
298787
300482
302170
303910
305636
307331
309035
310771
312488
314228
315962
317679
319393
321119
322821
324556
326282
327982
329690
331412
333127
334895
336619
338358
340089
341866
343614
345346
347052
348836
350557
352268
354017
355722
357430
359121
360837
362557
364266
365974
367697
369386
371085
372784
374499
376226
377925
379610
381315
383015
20243
39217
62650
63973
65285
66603
67991
69332
70682
72008
73324
74646
75996
77332
78653
80009
81322
82640
83986
85344
86663
87990
89311
90635
91983
93322
94650
95984
97300
98691
100055
101465
102783
104108
105442
106759
108103
109476
110831
112154
113465
114785
116126
117672
119014
120347
121666
122985
124308
125647
126985
128691
130411
132104
133819
135506
137205
138902
140589
142327
144050
145767
147482
149410
151141
152828
154525
156221
157915
159614
161289
162978
164677
166381
168156
169882
171618
173330
175051
176734
178427
180146
181834
183524
185231
186918
188612
190333
192056
193772
195498
197210
199005
200705
202422
204112
205813
207495
209188
210887
212568
214282
216008
217710
221239
224736
227662
230124
232453
234332
236091
237852
239593
241377
243134
244829
246535
248256
249942
251641
253358
255054
256755
258511
260246
262019
263784
265518
267281
269029
270732
272446
274169
275875
277582
279295
280994
282703
284456
286239
287992
289741
291525
293276
295028
296735
298496
300213
301907
303609
305323
307020
308721
310471
312236
313988
315754
317497
319245
321036
322751
324467
326201
327920
329633
331347
333069
334786
336584
338345
340109
341917
343675
345438
347206
349030
350763
352512
354214
355917
357655
359365
361075
362822
364520
366263
368021
369758
371566
373307
375040
376738
378451
380150
381848
383560
385261
387046
388768
390500
20692
39857
63793
65245
66561
67890
69250
70569
71930
73299
74659
75983
77312
78630
79991
81365
82682
84037
85366
86714
88040
89411
90735
92062
93393
94709
96062
97434
98920
100242
101568
102888
104208
105656
107011
108330
109654
110971
112298
113674
115045
116369
117762
119093
120417
121785
123137
124464
125789
127111
128434
130179
131905
133659
135439
137162
138938
140642
142331
144040
145748
147431
149303
151008
152690
154427
156188
157914
159644
161404
163127
164875
166585
168271
170001
171706
173394
175087
176793
178478
180211
181954
183683
185460
187214
188971
190665
192359
194048
195736
197441
199299
200985
202692
204548
206287
208028
209754
211493
213235
215023
216722
218420
220107
221822
223524
225209
226903
228609
230326
232064
233813
235828
237560
239340
241066
242765
244484
246171
247869
250004
251690
253380
255112
256802
258499
260246
261963
263699
265475
267204
268943
270677
272374
274069
275776
277487
279183
280900
282606
284346
286118
287855
289636
291387
293113
294866
296579
298282
299972
301679
303363
305081
306808
308498
310230
311988
313725
315489
317253
318988
320698
322424
324136
325837
327549
329255
330980
332697
334444
336246
337997
339777
341539
343299
345062
346758
348522
350219
351918
353639
355366
357084
358790
360488
362228
363963
365710
367450
369192
370904
372598
374303
375991
377686
379392
381082
382779
384493
386259
20922
40293
64774
66119
67448
68800
70170
71501
72829
74153
75524
76884
78234
79565
80895
82221
83554
84899
86245
87589
88917
90244
91574
92950
94299
95630
97000
98354
99678
101017
102367
103699
105023
106349
107684
109026
110379
111713
113029
114371
115699
117088
118424
119758
121085
122411
123742
125089
126437
127793
129120
130821
132530
134235
135929
137636
139364
141082
142844
144562
146277
148035
150262
151974
153682
155382
157111
158821
160522
162229
163939
165641
167355
169076
170824
172548
174279
175997
177739
179444
181142
182842
184551
186251
187952
189658
191377
193099
194835
196555
198306
200019
201718
203415
205123
206820
208503
210211
211922
213615
215342
217062
218801
220531
222252
223968
225677
227408
229102
230806
232507
234200
235914
237615
239331
241071
242800
244522
246251
248005
250153
251861
253559
255265
256980
258685
260392
262129
263829
265532
267268
269052
270806
272546
274266
275991
277737
279437
281144
282869
284580
286284
287998
289705
291420
293156
294885
296611
298400
300116
301814
303516
305210
306910
308623
310328
312061
313768
315517
317254
319030
320761
322502
324259
325981
327711
330549
332951
335029
336900
338688
340419
342147
343863
345832
347558
349471
351173
352875
354569
356272
357981
359700
361443
363182
364916
366636
368389
370104
371795
373475
375163
376854
378553
380254
381945
383641
385374
387118
388883
20294
39721
63879
65219
66609
67941
69273
70606
71940
73278
74638
75969
77309
78643
79975
81322
82677
84005
85350
86682
88012
89338
90695
92025
93353
95089
96427
97760
99423
100773
102119
103452
104813
106142
107473
108822
110164
111531
112866
114202
115536
116916
118273
119604
120930
122258
123594
124938
126278
127615
128943
130638
132349
134050
135748
137478
139252
140972
142700
144423
146175
147880
150020
151715
153459
155199
156899
158608
160308
162007
163717
165437
167162
168896
170626
172350
174124
175866
177567
179303
181008
182712
184427
186135
187848
189577
191303
193028
194758
196514
198221
199987
201685
203396
205123
206817
208527
210227
211929
213658
215383
217105
218844
220561
222285
223995
225735
227426
229138
230857
232557
234268
235977
237673
239406
241174
242888
244634
246411
248129
249854
251551
253250
254989
256700
258402
260118
261817
263528
265258
267014
268772
270515
272248
273940
275674
277378
279074
280817
282534
284243
285959
287669
289392
291127
292857
294576
296361
298053
300239
301951
303652
305496
307206
308905
310610
312331
314035
315736
317505
319245
320975
322727
324479
326327
328042
329768
331510
333235
334954
336677
338398
340101
341823
343591
345332
347105
348943
350711
352434
354178
356975
359677
362120
364230
366050
367761
369496
371227
372977
374715
376510
378241
379938
381669
383384
385084
386780
388494
391332
20217
39292
62798
64115
65478
66836
68158
69481
70806
72126
73485
74835
76151
77470
78796
80112
81472
82841
84158
85470
86795
88112
89474
90824
92143
93467
94794
96118
97474
98959
100355
101675
103002
104314
105634
107006
108356
109673
110998
112929
114264
115584
116953
118305
119622
120949
122267
123586
124955
126298
127621
129326
131014
132707
134412
136103
137834
139559
141496
143244
144970
146701
148494
150194
151884
153583
155265
156956
158656
160346
162057
163804
165552
167285
169004
170847
172592
174300
175996
177764
179452
181146
182845
184533
186230
187936
189664
191670
193415
195151
196881
198712
200457
202135
203837
205519
207208
208906
210591
212308
214013
215736
217465
219208
220972
222704
224449
226134
227824
229524
231210
232948
234659
236344
238039
239776
241543
243280
245024
246743
248512
250213
252715
254439
256140
257850
259538
261230
262928
264635
266330
268073
269834
271595
273336
275067
276804
278551
280245
281955
283662
285349
287041
288748
290430
292177
293874
295614
297355
299245
300973
302712
304457
306153
307855
309551
311254
312983
314675
316386
318105
319871
321622
323406
325145
326884
328650
330389
332090
333833
335548
337248
338957
340666
342410
344130
345828
347584
349572
351304
353060
354811
356572
358315
360009
361701
363418
365104
366794
368500
370180
371867
373603
375330
377063
378803
380531
382225
383953
385639
20716
39914
64886
66222
67585
68964
70296
71626
72999
74340
75670
77044
78644
79974
81300
82673
84007
85381
86761
88084
89421
90759
92088
93464
94848
96182
97521
99085
100414
101740
103130
104498
105833
107174
108504
109835
111215
112589
113952
115291
116618
117953
119331
120702
122035
123414
124745
126082
127459
128917
130254
131976
133730
135447
137170
138875
140596
142317
144026
145792
147548
149573
151332
153091
154845
156618
158340
160047
161766
163622
165316
167033
168753
170461
172180
173933
175677
177437
179233
180977
182733
184522
186231
187953
189677
191381
193098
194822
196527
198259
199965
201713
203472
205243
206987
208739
210499
212203
213962
215684
217386
219100
220822
222533
224251
225976
227738
229525
231291
233030
234840
236597
238311
240031
241757
243459
245176
246894
248662
250369
252090
253831
255618
257387
259138
260899
262667
264454
266164
267884
269598
271324
273058
274774
276481
278205
279948
281705
283476
285260
287015
288788
290540
292262
294005
295721
297434
299362
301063
302783
304509
306208
307962
309738
311481
313241
315049
316807
318562
320298
322017
323852
325585
327314
329032
330772
332505
334237
336003
337775
339552
341312
343054
344972
346735
348530
350247
351988
353713
355432
357175
358894
360618
362343
364056
365882
367644
369395
371168
372928
374708
376457
378170
379873
381630
383346
385047
386760
388482
390185
20477
39686
63438
65027
66708
68220
69543
70866
72192
73517
75089
76450
77773
79095
80425
81750
83107
84510
85836
87154
88479
89801
91160
92539
93878
95198
96531
97858
99530
100904
102267
103585
104909
106233
107552
108918
110309
111626
112947
114267
115635
117002
118365
119684
121009
122331
123657
125057
126416
127760
129089
130788
132481
134187
135899
137647
139394
141127
142870
144769
146509
148217
149979
151665
153368
155062
156753
158451
160145
161856
163594
165350
167082
168815
170551
172279
173994
175690
177397
179097
180792
182484
184188
185907
187642
189386
191128
192860
194601
196337
198019
200166
201862
203552
205248
206941
208633
210328
212053
213787
215785
217519
219254
220996
222732
224480
226183
227898
229589
231287
232981
234672
236496
238181
239872
241606
243378
245106
246848
248612
250339
252037
253725
255420
257129
258830
260528
262252
263949
265709
267452
269203
270944
272693
274430
276126
277849
279536
281239
282953
284660
286407
288111
289817
291544
293297
295060
296843
298631
300374
302066
303764
305461
307190
308887
310586
312458
314170
315899
317649
319404
321163
322934
324724
326468
328170
329886
331594
333294
335021
336768
338474
340179
341898
343638
345406
347168
349041
350784
352522
354271
355982
357691
359395
361108
362843
364534
366258
367954
369677
371412
373149
374877
376619
378352
380040
381730
383428
385125
386855
20392
39497
63383
64695
66070
67392
68740
70071
71427
72754
74114
75432
76747
78072
79413
80737
82091
83416
84731
86078
87391
88753
90112
91440
92757
94083
95401
96735
98117
99457
100795
102115
103445
104748
106118
107429
108752
110067
111386
112696
114073
115388
116700
118013
119354
120672
122038
123355
124685
125997
127319
129066
130800
132552
134283
136043
137797
139501
141202
142884
144581
146262
147958
150052
151742
153457
155139
156874
158629
160375
162084
163819
165538
167242
168924
170618
172302
173998
175682
177382
179102
180861
182583
184326
186051
187815
189529
191230
192912
194613
196295
197991
200108
201799
203508
205188
206924
208670
210413
212133
213872
215589
217290
218971
220680
222363
224062
225744
227439
229154
230893
232614
234358
236080
237859
239568
241267
242950
244651
246385
248082
250239
251929
253646
255335
257038
258787
260527
262246
263969
265711
267401
269102
270819
272514
274203
275904
277590
279306
281054
282781
284522
286272
288023
289755
291454
293150
294848
296543
298229
300016
301695
303374
305074
306796
308551
310308
312034
313759
315507
317203
318906
320649
322407
324110
325811
327518
329220
330973
332714
334473
336251
338082
339861
341609
343321
345018
346744
348470
350202
351924
353606
355308
357057
358789
360517
362255
363973
365704
367400
369083
370799
372519
374202
375892
377586
379340
381053
382797
384516
20295
39479
63387
64703
66027
67431
68758
70089
71454
72777
74107
75486
76804
78130
79462
80777
82103
83473
84791
86113
87440
88762
90090
91461
92928
94254
95583
96907
98232
99644
101009
102348
103663
105008
106337
107689
109050
110382
111728
113054
114384
115739
117100
118428
119745
121083
122408
123763
125142
126472
127790
129493
131222
132910
134610
136349
138066
139807
141555
143336
145079
146782
148507
150205
151949
153634
155337
157041
158733
160436
162174
163912
165652
167414
169117
170844
172575
174260
175957
177667
179357
181056
182756
184441
186172
187922
189642
191381
193175
194889
196584
198298
199975
201697
203392
205076
206776
208475
210180
211920
213681
215405
217148
218886
220573
222303
224005
225690
227414
229114
230801
232503
234259
235983
237724
239464
241173
242939
244646
246327
248029
250199
252015
253721
255432
257127
258836
260536
262245
264008
265759
267496
269244
270993
272795
274497
276202
277940
279644
281356
283061
284770
286480
288207
289946
291701
293464
295212
296941
298681
300384
302092
303776
305479
307179
308860
310576
312325
314062
315828
317605
319343
321097
322863
324564
326266
328012
329711
331421
333146
334859
336572
338313
340066
341821
343614
345321
347087
348903
350593
352314
354024
355719
357434
359145
360838
362566
364324
366028
367772
369509
371233
372971
374675
376362
378141
379842
381527
383235
384955
20317
39482
63007
64331
65663
67002
68331
69702
71021
72343
73669
74989
76313
77680
78996
80318
81643
82960
84322
85709
87027
88378
89705
91014
92338
93705
95029
96359
97717
99285
100600
101965
103323
104648
105965
107315
108641
109996
111358
112673
113995
115346
116667
118021
119385
120703
122029
123346
124671
126051
127420
129150
130853
132541
134244
135933
137674
139363
141061
142750
144480
146209
147945
150089
151829
153559
155286
156983
158695
160398
162088
163789
165500
167201
168890
170607
172336
174078
175805
177555
179302
181003
182696
184397
186090
187825
189516
191217
192896
194623
196343
198173
199996
201717
203448
205171
206861
208584
210286
211972
213670
215355
217058
218743
220473
222205
223954
225672
227414
229155
230855
232545
234262
235948
237645
239333
241035
242734
244471
246192
247934
250101
251841
253570
255304
257003
258728
260425
262115
263813
265501
267212
268912
270655
272404
274164
275890
277623
279388
281123
282828
284557
286254
287962
289655
291358
293055
294762
296484
298228
299992
301721
303447
305174
306881
308593
310314
312019
313702
315419
317132
318825
320594
322347
324088
325831
327584
329350
331053
332773
334510
336219
337923
339636
341338
343051
344745
346506
348265
350033
351785
353531
355269
356974
358690
360380
362074
363774
365460
367153
368855
370585
372318
374060
375786
377525
379261
380949
382650
384371
20901
40084
63987
65324
66654
68025
69663
71061
72412
73738
75075
76401
77780
79142
80478
81809
83144
84471
85867
87257
88585
89921
91257
92585
93964
95339
96670
98012
99339
100667
102040
103415
104743
106081
107418
108743
110116
111512
112842
114175
115512
116840
118212
119587
120943
122279
123612
124939
126313
127695
129026
130775
132493
134199
135921
137634
139344
141060
142772
144511
146274
148035
149757
151552
153307
155032
156746
158463
160175
161897
163665
165368
167083
168798
170563
172336
174091
175833
177593
179366
181089
182812
184525
186233
187960
189674
191380
193089
194802
196546
198348
200094
201881
203630
205417
207155
208872
210623
212328
214063
215780
217484
219207
221090
222809
224560
226312
228056
229811
231623
233414
235193
236901
238635
240385
242103
243808
245528
247241
249101
250820
252724
254467
256251
258033
259782
261560
263315
265022
266743
268460
270176
271940
273662
275370
277091
278807
280552
282343
284114
285892
287653
289415
291154
292873
294597
296316
298044
299712
301418
303151
304865
306625
308422
310174
311966
313735
315497
317246
318983
320709
322447
324188
325930
327646
329371
331107
332863
334628
336410
338193
339980
341734
343500
345274
346990
348800
350541
352262
353970
355715
357454
359172
360898
362705
364443
366201
367958
369708
371463
373242
374942
376660
378375
380080
381801
383536
385242
386970
388725
20438
39622
63088
64431
65773
68573
71160
73308
75134
76727
78184
79501
80823
82148
83473
84833
86198
87533
88854
90177
91496
92849
94217
95538
96858
98182
99478
100836
102205
103530
104848
106171
107493
108887
110248
111568
112886
114205
115525
116874
118273
119623
120942
122264
123575
124892
126257
127583
128906
130229
131543
133273
135028
136764
138523
140256
142002
143728
145428
147118
148888
150574
152263
153978
155672
157368
159136
160858
162599
165126
166860
168668
170418
172150
173895
175579
177269
178959
180650
182341
184029
185735
187424
189167
190901
192636
194385
196114
197836
199874
201556
203249
204939
206623
208317
210016
211711
213398
215129
216861
218608
220352
222086
223811
225495
227190
228875
230563
232250
233938
235634
237326
239089
240817
242542
244269
245992
247672
249606
251286
252981
254682
256371
258062
259786
261475
263206
264928
266658
268410
270173
271915
273614
275309
276999
278685
280396
282082
283779
285489
287227
288993
290735
292472
294203
295944
297636
299547
301227
302926
304631
306319
308007
309748
311428
313157
314888
316633
318374
320126
321863
323583
325288
327004
328711
330424
332140
333848
335541
337290
339260
340999
342736
344487
346219
347956
350063
351813
353508
355248
356965
358655
360387
362086
363783
365481
367212
368929
370671
372390
374116
375846
377536
379217
380920
382603
384293
385987
387688
389400
20422
39890
63960
65332
66681
68006
69338
70658
72017
73380
74699
76034
77347
78665
80025
81391
82706
84033
85354
86682
88043
89407
90725
92053
93377
94697
96051
97786
99444
100771
102096
103408
104733
106099
107483
108805
110128
111436
112764
114124
115496
116843
118166
119477
120814
122174
123533
124862
126187
127508
128839
130576
132305
134054
135787
137539
139284
140981
142666
144364
146063
147741
149799
151497
153183
154882
156613
158378
160116
161856
163605
165376
167104
168793
170493
172187
173874
175573
177261
178941
180633
182371
184101
185838
187612
189356
191092
192791
194491
196193
197891
200038
201722
203410
205108
206793
208551
210278
212004
213730
215508
217447
219184
220873
222562
224253
225951
227637
229337
231038
232725
234465
236213
238063
239801
241539
243269
244972
246671
248386
250102
251800
253483
255190
256893
258828
260572
262312
264044
265812
267573
269313
271021
272726
274408
276111
277812
279496
281207
282918
284643
286387
288153
289884
291652
293398
295119
296833
298572
300430
302135
303827
305510
307204
308927
310651
312402
314151
315881
317631
319402
321117
322845
324568
326263
327966
329696
331394
333104
334840
336590
338364
340110
341855
343603
345348
347098
348903
350636
352327
354054
355763
357464
359201
360903
362639
364367
366111
367862
369598
371324
373016
374719
376414
378103
379814
381509
383209
384933
386632
20596
39723
63311
64630
65965
67286
68654
70001
71323
72646
73966
75330
76694
78053
79374
80717
82034
83343
84720
86108
87433
88749
90069
91389
92749
94105
95433
96751
98099
99834
101146
102503
103827
105145
106479
107796
109140
110500
111819
113138
114446
115812
117173
118534
119853
121175
122496
123821
125203
126573
127898
129591
131527
133225
134917
136647
138341
140031
141716
143440
145198
146936
148739
150458
152190
153875
155563
157266
158958
160653
162343
164029
165762
167501
169233
170962
172697
174420
176155
177839
179531
181217
182909
184595
186353
188041
189730
191489
193219
194950
196671
198434
200188
201873
203557
205251
207123
208816
210509
212195
213891
215604
217331
219065
220801
222533
224265
225986
227675
229368
231059
232747
234446
236182
237874
239560
241331
243059
244793
246528
248272
250005
251693
253383
255083
256807
258501
260196
261886
263575
265312
267057
268800
270542
272276
273997
275692
277399
279095
280802
282501
284236
285954
287648
289363
291140
292887
294620
296350
298108
300002
301691
303381
305063
306800
308495
310196
311897
313594
315339
317082
318828
320577
322344
324101
325791
327530
329235
330934
332657
334399
336111
337807
339563
341362
343114
344854
346605
348391
350115
351833
353533
355239
356973
358672
360357
362049
363740
365467
367192
368915
370637
372384
374139
375827
377563
379256
380942
382643
384597
20421
40111
63966
65291
66621
67965
69307
70646
71965
73300
74610
75943
77287
78611
80139
81465
82789
84171
85515
86834
88150
89474
90801
92162
93494
94822
96138
97464
98949
100282
101675
102999
104314
105634
106959
108276
109625
110965
112282
113605
114930
116290
117640
118964
120397
121725
123048
124365
125707
127036
128353
130072
131771
133456
135177
136876
138615
140330
142055
143761
145480
147199
148976
150724
152432
154118
155814
157514
159201
160899
162611
164318
166040
167755
169466
171211
172931
174614
176315
178012
179699
181398
183091
184828
186550
188263
189975
191721
193443
195149
196833
198587
200293
201987
203686
205367
207060
208754
210459
212265
213990
215697
217415
219160
220862
222555
224245
225930
227613
229310
230999
232690
234427
236138
237851
240620
242959
244942
246720
248473
250216
251987
253719
255469
257244
258941
260665
262350
264041
265745
267434
269139
270855
272603
274336
276085
277816
279543
281311
283010
284709
286441
288135
289828
291529
293218
294913
296643
298397
300128
301911
303632
305357
307126
308818
310512
312225
313919
315603
317326
319026
320728
322514
324272
326018
327751
329503
331245
332961
334674
336652
338363
340052
341770
343505
345210
346909
348722
350456
352225
353994
355732
357492
359243
360938
362620
364320
366005
367696
369396
371085
372805
374545
376272
378010
379749
381477
383206
384914
386637
31414
52181
71421
72782
74104
75436
76764
78086
79453
80821
82146
83503
84826
86147
87541
88902
90220
91548
92862
94180
95537
96924
98541
99863
101208
102532
103858
105210
106604
107933
109260
110579
111904
113265
114628
115957
117279
118597
119926
121278
122639
123966
125292
126611
128037
129396
130763
132091
133430
134749
136079
137844
139579
141324
143064
144799
146552
148371
150065
151802
153497
155191
156911
158703
160425
162130
163868
165600
167363
169122
170845
172594
174293
175987
177682
179380
181073
182775
184479
186164
187931
189662
191403
193138
194881
196611
198527
200217
201950
203669
205362
207058
208774
210471
212161
213896
215632
217401
219138
220865
222601
224292
225987
227679
229374
231073
232767
234456
236173
237957
239708
241441
243186
244911
246644
248531
250223
251973
253658
255358
257051
258774
260467
262181
263919
265671
267473
269217
270945
272689
274441
276153
277856
279579
281273
282979
284673
286402
288131
289897
291643
293392
295128
296880
298858
300596
302375
304083
305772
307478
309197
310887
312589
314292
315983
317748
319496
321242
322987
324752
326502
328217
329952
331675
333388
335093
336885
338632
340344
342060
343838
345585
347326
349083
350834
352611
354365
356085
357792
359530
361256
362960
364673
366380
368099
369847
371580
373322
375064
376800
378533
380244
381942
383634
385339
387072
388774
390474
392183
393914
20833
40436
64475
65811
67172
68548
69887
71211
72540
73874
75239
76615
78004
79325
80653
81985
83324
84694
86038
87390
88712
90048
91371
92739
94098
95425
96761
98097
99804
101175
102556
103879
105201
106548
107873
109235
110607
111930
113255
114591
115914
117274
118650
119973
121298
122634
123953
125281
126656
128084
129413
131130
132827
134569
136285
137981
139688
141432
143170
144918
146673
148459
150198
151911
153605
155305
157032
158729
160431
162147
163841
165581
167336
169131
170881
172636
174371
176128
177886
179580
181286
182998
184739
186440
188156
189853
191593
193344
195081
196820
198647
200386
202128
203841
205575
207273
209006
210703
212395
214108
215800
217537
219309
221070
222812
224566
226307
228083
229801
231498
233202
234941
236646
238351
240062
241755
243497
245245
246987
248817
250573
252309
254012
255731
257448
259157
260873
262569
264270
265985
267688
269464
271232
272980
274733
276483
278259
279968
281691
283399
285130
286854
288560
290267
291981
293684
295435
297192
299041
300786
302525
304272
305969
307675
309368
311077
312785
314497
316198
317921
319677
321439
323199
324975
326711
328495
330249
331966
333674
335401
337126
338839
340544
342271
343972
345688
347435
349387
351146
352877
354640
356409
358161
359866
361577
363339
365037
366724
368424
370138
371834
373554
375310
377053
378828
380564
382312
384025
385730
387431
20409
39569
63101
64430
65742
67111
68490
69818
71139
72472
73799
75158
76525
77854
79184
80515
81841
83201
84571
85899
87230
88558
89878
91241
92611
93935
95269
96598
97931
99681
101047
102409
103738
105063
106384
107710
109072
110433
111766
113082
114400
115734
117097
118458
119791
121116
122440
123769
125135
126494
127827
129525
131221
132930
134628
136322
138037
139733
141488
143229
144974
146710
148495
150222
151916
153621
155318
157011
158722
160423
162116
163823
165559
167315
169047
170781
172528
174291
175988
177702
179411
181106
182801
184512
186224
187939
189660
191416
193157
194910
196652
198403
200102
201798
203492
205200
206918
208612
210320
212017
213712
215454
217195
218931
220657
222426
224123
225829
227566
229261
230966
232661
234362
236073
237773
239507
241259
243000
244733
246481
248257
250020
251716
253413
255129
256860
258562
260266
261967
263744
265489
267241
268989
270747
272528
274263
275974
277710
279410
281132
282836
284536
286247
287949
289682
291410
293165
294910
296663
298463
300170
301876
303571
305273
307185
308889
310595
312314
314017
315732
317482
319227
320985
322757
324502
326239
328013
329723
331448
333184
334907
336610
338319
340033
341743
343485
345229
346994
348836
350581
352336
354055
355764
357503
359224
360922
362612
364320
366015
367705
369447
371187
372931
374664
376422
378186
379899
381594
383292
384999
20349
39538
63112
64430
65752
67080
68449
69815
71138
72457
73780
75105
76459
77825
79146
80464
81785
83106
84462
85826
87150
88468
89793
91116
92473
93836
95163
96476
97797
99406
100716
102077
103442
104759
106079
107399
108716
110081
111471
112785
114105
115427
116739
118101
119462
120780
122103
123418
124735
126098
127463
129152
130846
132547
134232
135924
137649
139336
141036
142769
144478
146209
147946
149988
151721
153478
155166
156856
158550
160240
162223
163919
165607
167299
169000
170725
172463
174201
175897
177623
179347
181039
182788
184488
186178
187909
189605
191291
192975
194701
196410
198161
199939
201668
203466
205150
206842
208536
210229
211950
213647
215337
217031
218759
220482
222241
223980
225680
227422
229117
230801
232537
234241
235930
237643
239337
241027
242754
244493
246204
247923
250024
251749
253508
255215
256911
258609
260303
262016
263710
265409
267111
268849
270594
272352
274091
275832
277545
279250
280997
282721
284420
286122
287816
289509
291209
292906
294644
296375
298098
299841
301579
303292
304989
306721
308415
310118
311847
313537
315249
316962
318678
320431
322209
323977
325710
327470
329172
330874
332613
334326
336031
337730
339441
341146
342896
344625
346385
348129
349823
351577
353350
355049
356775
358477
360165
361869
363564
365249
366938
368669
370373
372103
373860
375610
377329
379025
380710
382434
384131
20375
39625
63189
64554
65926
67252
68579
69912
71238
72602
73984
75314
76637
77970
79297
80659
82039
83359
84685
86007
87326
88687
90064
91389
92714
94043
95368
96696
98073
99822
101148
102479
103799
105121
106492
107851
109174
110504
111827
113150
114518
115885
117211
118539
119860
121185
122551
123914
125241
126575
127898
129596
131309
133040
134776
136535
138276
140008
141763
143453
145153
146863
148608
150302
152012
153703
155401
157111
158839
160580
162333
164068
165805
167555
169251
170950
172661
174353
176055
177759
179456
181158
182909
184644
186397
188150
189881
191622
193332
195028
196729
198476
200168
201865
203583
205276
207007
208755
210490
212228
213980
215753
217452
219160
220850
222549
224301
225995
227693
229402
231165
232898
234646
236379
238117
239869
241605
243304
245031
246725
248455
250149
251844
253546
255261
256995
258739
260501
262232
263970
265754
267458
269167
270877
272569
274300
276013
277707
279414
281128
282864
284611
286372
288106
289859
291598
293315
295053
296759
298502
300205
301896
303586
305296
307027
308785
310540
312300
314032
315836
317580
319294
321005
322739
324466
326182
327899
329622
331328
333118
334878
336636
338377
340151
341893
343654
345382
347114
348893
350602
352321
354023
355742
357440
359164
360899
362653
364395
366182
367910
369661
371348
373059
374774
376478
378203
379914
381601
383323
385060
20284
39437
62926
64260
65586
66911
68247
69572
70944
72277
73606
75043
76376
77717
79082
80449
81774
83099
84428
85743
87096
88466
89797
91110
92444
93769
95171
96598
97925
99571
100903
102228
103577
104952
106297
107616
108947
110269
111595
112962
114276
115598
116927
118249
119571
120943
122270
123592
124925
126246
127562
129309
131048
132785
134519
136259
137960
139669
141369
143058
144770
146494
148185
149936
151670
153398
155141
156914
158660
160351
162098
163808
165507
167202
168912
170605
172304
174016
175748
177504
179251
181273
183794
185975
187876
189596
191329
193068
194787
196601
198324
199993
201694
203383
205070
206768
210659
213393
215365
217418
221189
223926
226588
228640
230431
232124
233817
238258
241015
243294
245303
247122
248893
250572
252271
253967
255681
257434
259159
260886
262625
264316
265993
267697
269386
271077
272782
274475
276157
277913
279649
281408
283160
284897
286643
288343
290037
291719
293417
295120
296831
298592
300281
301967
303701
305430
307183
308942
310671
312382
314083
315771
317453
319160
320849
322533
324243
325943
327708
329469
331276
333010
334772
336539
338232
339938
341655
343347
345053
346762
348576
350279
351957
353716
355459
357225
358970
360723
362452
364155
365870
367564
369263
370955
372649
374347
376039
377798
379531
381294
383020
384757
386484
388167
389862
391546
393223
394920
396611
398325
20616
40109
64030
65362
66802
68474
69961
71282
72655
74018
75366
76693
78019
79345
80700
82054
83380
84706
86025
87348
88716
90067
91395
92722
94042
95372
96840
98200
99582
100904
102231
103547
104896
106300
107618
108936
110260
111578
112928
114292
115642
116962
118278
119607
120957
122319
123678
124997
126324
127662
129018
130783
132525
134250
135987
137689
139384
141127
142833
144520
146222
147999
150122
151820
153521
155233
157024
158773
160502
162232
163965
165656
167358
169059
170747
172445
174148
175825
177557
179296
181027
182784
184527
186254
187998
189701
191556
193257
194962
196653
198427
200117
201808
203511
205251
207016
208761
210507
212258
213996
215698
217385
219085
220786
222475
224175
225885
227601
229341
231076
232811
234552
236301
238024
239723
241468
243147
244841
246558
248271
249960
251661
253387
255132
256909
258643
260385
262129
263817
265515
267243
268961
270670
272382
274071
275846
277578
279298
281044
282825
284571
286317
288071
289765
291501
293209
294907
296604
298351
300028
301733
303468
305192
306954
308694
310428
312181
313920
315605
317323
319140
320836
322557
324286
326003
327721
329484
331220
332974
334758
336503
338259
340006
341748
343451
345163
346863
348668
350377
352069
353790
355507
357255
359003
360770
362499
364247
365964
367661
369488
371171
372862
374564
376268
377979
379677
381399
383140
384896
386613
20472
40176
63982
65316
66643
67979
69352
70706
72034
73366
74689
76009
77394
78758
80083
81415
82736
84058
85415
87052
88392
89722
91044
92359
93706
95089
96419
97747
99360
100684
102016
103374
104735
106098
107422
108745
110072
111439
112791
114126
115447
116768
118114
119477
120835
122167
123517
124840
126169
127575
128955
130721
132420
134113
135814
137513
139212
140933
142633
144321
146048
147824
149872
151619
153355
155086
156854
158552
160245
161953
163649
165341
167050
168765
170461
172195
173981
175712
177474
179210
180948
182682
184380
186075
187787
189486
191244
192949
194641
196333
198093
200346
202082
203823
205569
207328
209057
210775
212475
214182
215877
217567
219290
220977
222666
224372
226105
227866
229593
231330
233066
234811
236512
238207
239918
241634
243331
245036
246733
248484
250205
251928
253665
255416
257176
258930
260644
262353
264070
265776
267478
269199
270918
272616
274311
276056
277827
279557
281291
283036
284776
286492
288193
289893
291646
293347
295049
296765
298525
300247
301977
303712
305436
307186
308925
310625
312345
314048
315735
317467
319357
321060
322789
324510
326248
328023
329800
331547
333288
335044
336802
338520
340223
341967
343679
345378
347080
348918
350625
352320
354060
355818
357589
359352
361087
362811
364520
366216
367925
369634
371339
373029
374737
376439
378202
379937
381672
383404
385149
386884
20335
39532
63076
64402
65728
67048
68408
69806
71126
72476
73806
75129
76457
77825
79170
80501
81827
83142
84471
85855
87210
88542
89870
91180
92509
93876
95233
96558
97882
99554
100899
102260
103620
104946
106273
107592
108914
110318
111671
112999
114324
115652
116978
118351
119740
121069
122394
123714
125039
126363
127734
129482
131220
132910
134616
136318
138013
139713
141437
143126
144831
146568
148318
150081
151823
153576
155313
157017
158704
160408
162102
163791
165495
167196
168904
170675
172413
174155
175898
177636
179371
181079
182778
184467
186174
187877
189570
191295
192997
194720
196459
198219
199955
201695
203474
205186
206886
208601
210290
212008
213708
215394
217097
218799
221906
224370
226523
228297
229993
231717
233406
235105
236853
238576
240338
242089
243817
245558
247286
249079
250781
252480
254166
255874
257584
259276
261026
262723
264453
266197
267942
269680
271464
273206
274901
276608
278309
279998
281736
283456
285176
286883
288631
290381
292119
293861
295596
297360
299258
300951
302667
304364
306054
307762
309461
311191
312916
314657
316390
318157
319912
321701
323465
325226
326930
328633
330351
332073
333791
335518
337244
338957
340700
342451
344210
345962
347701
349801
351552
353283
355008
356715
358415
360130
362118
363805
365506
367203
368894
370632
372542
374277
376020
377756
379491
381239
382997
384685
386397
388126
20448
39563
64244
65610
66946
68275
69596
70919
72292
73678
75001
76348
77675
78993
80360
81725
83042
84387
85710
87030
88396
89759
91071
92399
93725
95046
96405
97852
99495
100828
102151
103457
104779
106141
107478
108792
110112
111421
112746
114126
115463
116814
118136
119443
120765
122130
123446
124776
126100
127412
128740
130460
132204
133924
135660
137362
139067
140743
142443
144119
145813
147488
149435
151132
152849
154584
156303
158061
159792
161496
163181
164879
166556
168260
169939
171638
173325
175058
176777
178533
180250
181989
183740
185423
187120
188818
190507
192207
193908
195586
197281
199260
200984
202717
204459
206177
207951
209685
211369
213065
214761
216442
218138
219836
221523
223224
224959
226684
228452
230181
231910
233674
235378
237082
238775
240472
242159
243858
245557
247244
249129
250856
252594
254336
256072
257865
259602
261286
262987
264687
266375
268085
269792
271482
273182
274923
276655
278417
280149
281883
283655
285361
287055
288759
290451
292147
293851
295556
297237
299093
300828
302554
304286
306025
308048
309787
311496
313191
314897
316613
318362
320068
321787
323497
325209
326949
328882
330637
332390
334172
335932
337686
339379
341098
342809
344498
346208
347930
350045
351748
353470
355166
356904
358661
360403
362130
363875
365589
367297
369004
370691
372386
374075
375762
377459
379178
380909
382656
384426
386150
20500
39769
64905
66225
67558
68886
70221
71605
72998
74319
75647
76979
78310
79677
81049
82392
83719
85042
86373
87734
89099
90425
91755
93093
94412
95771
97133
98510
99847
101180
102522
103886
105256
106586
107918
109244
110562
111955
113332
114657
115983
117310
118643
120011
121396
122732
124061
125389
126726
128058
129431
131186
132971
134677
136394
138106
139821
141535
143278
144986
146704
148453
150201
151965
153716
155463
157216
158966
160673
162388
164090
165797
167534
169243
170955
172708
174422
176167
177927
179679
181426
183204
184949
186657
188385
190099
191808
193549
195260
196966
198749
200458
202213
203981
205732
207474
209232
210983
212688
214405
216114
217843
219556
221266
223015
224732
226442
228188
229949
231704
233475
235223
236979
238688
240404
242112
243845
245562
247274
249067
250781
252494
254238
255996
257758
259516
261280
263030
264736
266452
268203
269922
271650
273410
275118
276837
278554
280296
282062
283827
285611
287365
289144
290890
292609
294347
296060
297783
299839
301548
303285
305000
306705
308425
310174
311925
313696
315456
317208
319007
320735
322450
324216
325956
327674
329397
331130
332850
334602
336381
338158
339927
341691
343447
345214
346977
348750
350484
352206
353955
355697
357422
359138
360860
362596
364344
366097
367848
369615
371364
373109
374869
376587
378299
380007
381726
383447
385181
386907
388615
20494
39745
64057
65391
66714
68044
69408
70807
72138
73500
74828
76158
77531
78898
80244
81574
82917
84245
85581
86943
88269
89603
90938
92289
93620
94989
96322
97657
99213
100542
101968
103328
104695
106027
107353
108666
109997
111383
112767
114094
115414
116731
118062
119421
120809
122142
123477
124796
126128
127487
128858
130604
132305
134010
135723
137421
139135
140877
142615
144309
146018
147746
149844
151612
153349
155112
156874
158609
160310
162017
163714
165420
167132
168829
170554
172295
173987
175727
177482
179221
180983
182791
184530
186234
187949
189650
191395
193121
194806
196510
198223
199977
201758
203487
205231
206973
208711
210448
212159
213853
215556
217266
218964
220670
222410
224123
225862
227638
229368
231123
232879
234608
236316
238023
239722
241439
243170
244865
246571
248286
249972
251726
253482
255238
256979
258737
260477
262179
263880
265577
267281
268993
270702
272453
274152
275931
277675
279431
281189
282945
284707
286438
288144
289860
291574
293386
295109
296814
298555
300264
301964
303702
305455
307198
308939
310696
312442
314154
315866
317587
319305
321026
322792
324515
326261
327964
329727
331512
333268
335029
336805
338556
340261
341995
343722
345429
347154
348954
350663
352412
354134
355885
357642
359390
361134
362888
364622
366327
368038
369722
371424
373169
374858
376737
378450
380148
381908
383654
385400
387153
20299
39440
62890
64255
65579
66906
68241
69568
70931
72276
73606
74932
76261
77583
78946
80290
81613
82934
84264
85589
86948
88338
89664
90986
92322
93647
95013
96369
97694
99240
100572
101894
103251
104607
105933
107254
108582
109904
111258
112615
113941
115265
116592
117915
119236
120592
121916
123238
124568
125891
127253
128987
130740
132472
134213
135909
137609
139315
141012
142705
144414
146109
147802
149882
151620
153353
155098
156845
158580
160309
162009
163700
165408
167103
168813
170519
172218
173913
175618
177351
179093
180823
182583
184316
186031
187728
189423
191131
192829
194524
196233
197924
199975
201680
203433
205167
206912
208646
210380
212137
213833
215526
217236
218932
220624
222330
224026
225720
227457
229343
231080
232823
234567
236305
238014
239708
241448
243154
244850
246542
248250
250009
251719
253478
255220
256976
258717
260451
262203
263895
265581
267301
269007
270725
272436
274138
275834
277575
279575
281322
283080
284821
286565
288318
290020
291753
293469
295169
296857
298615
300331
302024
303728
305466
307200
308947
310697
312463
314223
315942
317652
319363
321211
322932
324647
326340
328057
329802
331564
333315
335093
336837
338577
340346
342323
344031
345747
347459
349319
351056
352773
354479
356200
357902
359647
361391
363130
364863
366607
368339
370022
371749
373448
375144
376845
378541
380265
381970
383677
385407
20426
39717
64203
65533
66870
68205
69574
70960
72298
73631
74970
76306
77638
79023
80388
81721
83060
84398
85723
87100
88467
89806
91145
92471
93800
95179
96553
97888
99633
100961
102299
103634
105006
106342
107677
109007
110342
111679
113056
114421
115755
117083
118419
119753
121119
122493
123826
125155
126493
127831
129199
130953
132707
134445
136166
137881
139595
141315
143033
144725
146436
148144
149891
151641
153404
155153
156910
158664
160399
162121
163840
165547
167267
168982
170683
172401
174117
175861
177630
179405
181144
182910
184671
186404
188132
189850
191559
193279
194992
196700
198445
200157
201898
203651
205412
207157
208910
210665
212400
214119
215823
217527
219250
220966
222673
224395
226111
227854
229615
231369
233151
234908
236672
238406
240127
241870
243580
245295
247038
248824
250534
252250
253953
255712
257467
259220
260976
262778
264522
266239
267959
269680
271423
273150
274856
276578
278301
280007
281769
283564
285348
287106
288857
290612
292346
294092
295799
297547
299499
301212
302934
304651
306379
308094
309844
311597
313421
315190
316936
318707
320474
322340
324082
325817
327535
329249
330989
332710
334451
336200
337965
339718
341484
343444
345217
346992
348798
350574
352285
353994
355738
357464
359169
360900
362623
364604
366322
368042
369786
371537
373325
375072
376827
378585
380290
382014
383732
385440
387166
388884
23197
42399
67231
68598
69919
71250
72575
73894
75249
76607
77957
79286
80598
81916
83271
84630
85948
87278
88602
89942
91301
92658
93981
95301
96622
97955
99312
100675
101994
103319
104640
105959
107313
108705
110032
111350
112679
113996
115350
116711
118044
119366
120684
122002
123352
124707
126028
127353
128674
130011
131367
133098
134823
136554
138277
139966
141660
144091
146232
148828
150917
152815
154581
156333
158034
159752
161459
163183
164905
166624
168335
170086
171840
173578
175443
177206
178999
180776
182532
184242
185966
187684
189397
191120
192842
194552
196274
198233
199975
201730
203484
205227
206988
208938
210691
212432
214199
215905
217629
219338
221047
222769
224489
226198
227923
229715
231463
233221
234984
236728
238506
240225
241939
243657
245377
247076
249058
250787
252497
254217
255938
257685
259474
261244
263003
264807
266579
268308
270023
271745
273447
275178
276907
278623
280360
282083
283842
285601
287373
289177
290944
292713
294481
296200
297938
299664
301384
303107
304821
306544
308268
310016
311770
313534
315315
317086
318858
320631
322390
324134
325865
327599
329339
331123
332851
334568
336311
338044
339844
341635
343421
345186
346939
348843
350600
352368
354084
355816
357544
359267
361027
362763
364495
366241
367971
369763
371512
373274
375036
376820
378574
380312
382023
383748
385471
387175
388898
390660
392380
394099
20376
39527
63120
64509
65850
67191
68521
69843
71162
72529
73877
75200
76534
77857
79178
80554
81954
83273
84600
85921
87235
88619
89980
91298
92625
93949
95264
96637
98038
99778
101101
102411
103738
105059
106429
107765
109086
110404
111718
113043
114402
115722
117051
118358
119684
121038
122408
123729
125047
126375
127696
129423
131160
133026
134758
136494
138279
140001
141702
143396
145082
146776
148509
150193
151889
153579
155304
157044
158817
160548
162286
164020
165711
167443
169143
170830
172529
174222
175916
177613
179353
181081
182868
184599
186339
188118
189822
191510
193214
194909
196598
198311
199994
201673
203399
205130
206861
208626
210360
212085
213784
215479
217263
218964
220656
222348
224046
225741
227427
229186
230926
232654
234396
236123
238112
239859
241548
243235
244935
246629
248335
250023
251723
253418
255161
256894
258671
260401
262136
263876
265579
267321
269029
270741
272439
274142
275841
277541
279316
281067
282811
284562
286297
288060
289755
291461
293214
294920
296611
298335
300030
301759
303447
305181
306939
308712
310462
312203
313963
315678
317422
319125
320843
322564
324301
325998
327734
329479
331218
332975
334744
336490
338252
340011
341713
343416
345127
346842
348587
350286
352040
353742
355468
357212
358978
360721
362450
364178
365916
367610
369301
370995
372691
374379
376077
377771
379500
381255
382992
384727
20413
39521
63541
64898
66217
67575
68940
70260
71578
72903
74221
75568
76930
78252
79577
80893
82208
83561
84929
86250
87571
88894
90229
91587
92952
94272
95780
97109
98458
99773
101134
102474
103794
105156
106474
107829
109190
110545
111867
113190
114543
115868
117225
118584
119906
121226
122542
123868
125265
126614
127928
129621
131308
132999
134690
136374
138073
139800
141543
143279
145007
146767
148514
150209
151895
153589
155320
157002
158717
160410
162096
163823
165558
167278
169012
170738
172428
174116
175842
177526
179220
180910
182597
184293
186026
187749
189487
191218
193165
194898
196651
198346
200029
201708
203390
205105
206795
208477
210172
211898
213620
215356
217096
218822
220555
222247
223935
225652
227358
229045
230743
232434
234129
235859
237593
239322
241061
242805
244539
246269
247959
249956
251653
253351
255186
256879
258576
260263
261995
263729
265464
267223
268968
270718
272413
274102
275792
277511
279210
280908
282609
284304
286033
287765
289501
291232
292989
294727
296602
298308
299991
301675
303373
305079
306786
308486
310187
311910
313647
315406
317273
319016
320765
322506
324208
325928
327890
329599
331303
333017
334734
336425
338114
339868
341616
343373
345114
346883
348663
350362
352076
353775
355501
357200
358901
360594
362294
364015
365745
367508
369234
370964
372720
374410
376117
377833
379520
381212
382913
384599
20352
39467
63025
64362
65668
67036
68402
69723
71037
72358
73674
75030
76381
77700
79025
80343
81685
83045
84418
85740
87053
88374
89689
91051
92405
93751
95064
96387
97711
99315
100687
101998
103358
104674
105992
107302
108665
109976
111294
112616
113935
115250
116639
117957
119270
120592
121913
123234
124612
125932
127252
128948
130639
132328
134027
135716
137447
139177
140912
142639
144401
146123
147802
149805
151494
153203
154898
156586
158275
159972
161667
163385
165129
166900
168627
170351
172078
173829
175526
177215
178904
180602
182289
183979
185677
187425
189148
190880
192607
194591
196326
198006
200056
201747
203466
205156
206846
208535
210219
211910
213599
215343
217126
218855
220577
222308
224018
225706
227397
229087
230775
232468
234162
235840
237573
239304
241035
242800
244566
246297
247993
250073
251795
253515
255214
256908
258609
260299
261987
263681
265437
267260
269000
270736
272465
274229
275911
277599
279303
281009
282702
284403
286096
287790
289519
291253
292989
294756
296491
298210
299952
301646
303349
305032
306734
308433
310137
311831
313559
315325
317068
318812
320565
322312
324031
325753
327463
329169
330875
332591
334308
336016
337706
339457
341202
342945
344723
346474
348209
349958
351712
353415
355113
356805
358509
360202
361890
363612
365357
367086
368817
370544
372273
373967
375653
377340
379033
380729
382433
384130
20395
39669
63749
65081
66402
67776
69152
70524
71848
73185
74511
75867
77233
78557
79909
81240
82565
83926
85303
86620
87975
89309
90632
91992
93369
94691
96016
97355
98750
100075
101458
102779
104104
105460
106781
108094
109466
110852
112182
113517
114840
116163
117532
118892
120252
121583
122903
124229
125600
126961
128287
130023
131719
133417
135129
136823
138529
140270
142020
143761
145515
147253
149093
150855
152550
154245
155978
157671
159373
161085
162782
164477
166241
167977
169725
171522
173252
174984
176699
178391
180099
181809
183505
185201
186906
188599
190336
192103
193835
195571
197311
199149
200923
202630
204325
206052
207758
209451
211151
212860
214555
216288
218040
219779
221558
223316
225045
226743
228453
230147
231845
233555
235255
236953
238665
240411
242182
243931
245665
247410
249304
251042
252742
254459
256191
257895
259606
261297
263005
264714
266414
268162
269921
271713
273470
275218
276950
278650
280366
282073
283780
285498
287199
288907
290646
292417
294161
295922
297645
299684
301457
303189
304920
306677
308372
310076
311796
313499
315202
316932
318645
320407
322221
323981
325730
327488
329247
331041
332764
334486
336212
337931
339627
341470
343217
344923
346629
348418
350141
352013
353788
355534
357314
359075
360779
362478
364190
365888
367587
369294
370988
372709
374418
376152
377919
379664
381456
383195
384952
386644
20415
39691
63033
64348
65673
67067
68424
69774
71090
72406
73737
75088
76443
77773
79136
80448
81774
83127
84601
85925
87244
88593
89920
91271
92634
93964
95285
96609
97935
99568
100930
102281
103609
104925
106251
107565
108923
110274
111595
112912
114238
115556
116913
118268
119619
120935
122260
123580
124937
126302
127622
129350
131054
132749
134453
136139
137835
139571
141297
143028
144762
146491
148186
149942
151818
153505
155192
156895
158584
160270
161970
163696
165441
167187
168920
170666
172414
174108
175793
177492
179204
180888
182591
184282
185993
187735
189461
191204
192947
194677
196404
198103
199837
201549
203249
204935
206619
208318
210010
211730
213471
215203
216935
218678
220437
222123
223824
225516
227206
228903
230592
232274
233985
235734
237460
239200
240955
242680
244417
246105
247795
249769
251454
253160
254860
256556
258261
259951
261685
263427
265167
266907
268658
270429
272116
273820
275505
277192
278901
280604
282297
284001
285755
287488
289231
290991
292728
294495
296183
297870
299930
301618
303301
305007
306695
308388
310103
311810
313537
315304
317050
318798
320585
322336
324049
325742
327448
329163
330866
332579
334309
336028
337756
339518
341281
343020
344771
346522
348258
349978
351687
353379
355090
356789
358485
361020
364530
366412
368643
370561
372303
373986
375687
377380
379858
381551
383239
384929
386649
388343
21000
40328
63870
65223
66592
67925
69245
70575
71909
73260
74629
75953
77273
78596
79916
81269
82638
83954
85269
86583
87895
89263
90624
91943
93299
94699
96012
97377
98815
100318
101645
102980
104297
105625
106978
108338
109663
110981
112324
113657
115016
116370
117874
119193
120508
121834
123187
124543
125868
127190
128505
130203
131880
133616
135369
137114
138857
140612
142327
144045
145748
147439
149281
150982
152702
154389
156088
157797
159520
161275
163000
164724
166469
168188
169877
171573
173306
174995
176700
178385
180074
181812
183537
185266
187018
188745
190474
192179
193890
195578
197279
199050
200734
202474
204161
205845
207585
209317
211043
212786
214546
216256
217958
219649
221338
223065
224757
226442
228143
229830
231552
233293
235054
236796
238544
240295
241981
243723
245412
247097
248871
250559
252274
253984
255711
257443
259191
260917
262645
264416
266111
267807
269518
271219
272921
274629
276317
278006
279754
281495
283233
284998
286764
288493
290199
291894
293800
295528
297217
298990
300692
302402
304089
305794
307518
309248
311002
312751
314748
316509
318242
319937
321656
323394
325088
326796
328506
330205
332703
334424
336137
337898
339643
341393
343135
344915
346657
348418
350127
351816
353557
355269
356972
358669
360383
362073
363797
365532
367263
368999
370744
372469
374200
375904
377595
379279
380983
382674
384374
386070
20447
39728
63501
64828
66179
67502
68829
70198
71561
72886
74211
75550
76876
78243
79605
80926
82257
83577
84900
86253
87625
88958
90283
91608
92940
94300
95668
97031
98382
99700
101032
102353
103720
105054
106405
107725
109052
110375
111760
113090
114433
115756
117087
118408
119770
121104
122427
123745
125083
126410
127772
129514
131236
132936
134647
136363
138069
139777
141475
143171
144884
146605
148449
150182
151915
153662
155417
157185
158893
160587
162282
164119
165814
167514
169221
170911
172645
174394
176132
177893
179634
181366
183064
184775
186496
188214
189923
191616
193303
195012
196733
198541
200285
202004
203736
205519
207293
208989
210693
212377
214083
215795
217496
219193
220901
222628
224367
226119
227886
229624
231366
233069
234771
236478
238169
239866
241579
243269
244972
246701
248525
250277
251995
253760
255540
257314
259016
260711
262409
264107
265810
267521
269228
270930
272648
274390
276152
277919
279654
281402
283136
284841
286528
288230
289914
291619
293321
295028
296715
298545
300294
302015
303751
305535
307287
308987
310696
312397
314100
315812
317524
319238
320958
322708
324456
326207
327983
329727
331475
333251
334973
336667
338370
340088
341799
343501
345205
346923
348772
350529
352275
354048
355831
357593
359325
361023
362709
364408
366102
367796
369508
371200
372884
374618
376354
378100
379823
381560
383324
385019
20321
39494
63279
64635
66018
67340
68657
69982
71358
72676
74035
75357
76675
77998
79319
80698
82058
83375
84687
86008
87321
88719
90103
91416
92743
94065
95388
96716
98080
99829
101151
102468
103779
105108
106487
107839
109159
110478
111791
113115
114471
115825
117142
118460
119764
121113
122470
123852
125175
126497
127812
129511
131233
132957
134687
136456
138188
139927
141650
143331
145029
146717
148424
150107
151814
153511
155208
156967
158692
160435
162176
163895
165631
167322
169027
170714
172421
174098
175799
177486
179171
180939
182689
184406
186183
187917
189663
191374
193068
194740
196438
198128
200262
201989
203679
205359
207119
208846
210571
212309
214036
215759
217456
219150
220850
222565
224255
225934
227629
229318
231312
233046
234778
236533
238273
240006
241799
243539
245229
246906
248665
250350
252244
253948
255641
257363
259074
260802
262535
264279
266013
267747
269457
271154
272853
274557
276245
277926
279631
281359
283083
284826
286604
288337
290070
291828
293560
295264
296951
298688
300384
302097
303777
305476
307161
308887
310646
312388
314113
315872
317608
319301
321019
322763
324456
326227
327939
329636
331367
333083
334831
336622
338364
340112
341890
343619
345313
347034
348804
350488
352229
353928
355621
357329
359066
360788
362522
364244
365966
367701
369389
371066
372797
374485
376187
377880
379569
381261
383001
384732
20460
39982
63413
64732
66054
67396
68719
70085
71451
72771
74099
75413
76770
78135
79498
80815
82136
83460
84779
86293
87650
89015
90344
91658
92982
94336
95702
97027
98382
99704
101023
102385
103738
105058
106417
107755
109059
110416
111775
113092
114412
115735
117070
118431
119790
121101
122444
123778
125096
126427
127799
129536
131262
132957
134646
136345
138067
139754
141451
143148
144826
146785
148588
150307
152046
153777
155508
157339
159036
160722
162416
164108
165799
167711
169405
171095
172825
174547
176300
178037
179777
181503
183205
184903
186603
188328
190025
191707
193408
195101
196812
198595
200332
202061
203795
205526
207269
208965
210656
212344
214040
215727
217438
219137
220834
222564
224331
226064
227794
229533
231252
232941
234648
236339
238063
239762
241620
243310
245019
246788
248556
250286
252028
253761
255508
257263
258997
260686
262382
264070
265774
267470
269167
270876
272610
274345
276095
277832
279566
281305
283002
284694
286403
288144
289833
291551
293254
294942
296677
298437
300159
301895
303633
305362
307055
308785
310481
312187
313885
315593
317326
319029
320771
322536
324283
326115
327872
329617
331355
333079
334796
336498
338242
339960
341697
343407
345104
346819
348638
350363
352137
353907
355654
357418
359265
360962
362646
364343
366036
367728
369425
371108
372804
374540
376296
378026
379772
381505
383204
384900
