20309
39367
62131
63455
64761
66070
67435
68744
70169
71487
72819
74134
75497
76842
78156
79473
80786
82129
83493
84836
86154
87489
88798
90112
91466
92778
94121
95439
96748
98064
99724
101073
102389
103717
105028
106334
107679
109032
110350
111662
113014
114333
115686
117047
118366
119693
121009
122325
123674
125040
126355
128037
129719
131407
133129
134812
136647
138363
140084
141817
143535
145265
146989
148727
150409
152099
153797
155485
157177
158855
160541
162269
163986
165717
167451
169180
170955
172645
174346
176035
177721
179403
181087
182803
184496
186237
187970
189696
191424
193158
194918
196593
198303
199974
201659
203351
205090
206763
208454
210174
211899
213633
215358
217084
218775
220454
222136
223858
225538
227215
228907
230590
232317
234050
235770
237493
239246
240990
242674
244400
246074
247758
249683
251374
253066
254808
256492
258210
259947
261678
263403
265167
266902
268592
270284
271967
273666
275358
277050
278748
280446
282176
283909
285649
287376
289140
290877
292568
294294
295988
297689
299573
301263
302946
304629
306358
308083
309820
311551
313313
315081
316776
318476
320184
321887
323586
325299
326992
328687
330403
332148
333884
335714
337455
339231
340974
342662
344412
346113
347803
349766
351472
353168
354863
356558
358270
359990
361720
363439
365195
366926
368602
370288
371980
373694
375380
377068
378754
380443
382170
20538
39694
62413
63750
65123
66432
67749
69065
70378
71725
73135
74447
75761
77080
78392
79739
81101
82434
83770
85085
86394
87740
89110
90422
91799
93119
94433
95787
97143
98479
99787
101104
102411
103793
105158
106469
107780
109125
110436
111780
113180
114489
115802
117120
118430
119791
121155
122466
123776
125092
126414
128130
129863
131582
133419
135153
136881
138562
140253
141937
143619
145310
146987
148722
150417
152126
154070
155805
157546
159271
161019
162755
164441
166129
167806
169489
171182
172860
174593
176322
178037
179761
181501
183239
184975
186705
188387
190061
191753
193434
195119
196809
198517
200201
201928
203674
205399
207153
208874
210587
212289
213973
215657
217352
219027
220696
222392
224160
225881
227614
229340
231065
232820
234501
236183
237880
239559
241247
242941
244634
246314
248044
250075
251834
253618
255338
257064
258803
260522
262208
263905
265595
267287
269118
270793
272478
274175
275889
277626
279382
281106
282850
284545
286228
287913
290450
292684
294501
296220
297920
299883
301567
303252
304978
306670
308357
310093
311856
313608
315371
317122
318848
320551
322267
323960
325644
327378
329073
330784
332502
334247
335997
337735
339484
341226
342981
344710
346410
348097
350134
351867
353566
355274
356968
358662
360346
362220
363969
365698
367421
369156
370909
372624
374317
376007
377729
379417
381101
382795
384543
20151
39180
61606
62912
64217
65566
66919
68227
69530
70832
72143
73479
74820
76132
77440
78743
80056
81400
82747
84072
85380
86684
87996
89345
90687
91990
93298
94607
95915
97268
98649
99957
101260
102563
103873
105220
106521
107831
109136
110443
111776
113131
114433
115745
117052
118355
119700
121052
122354
123664
124968
126633
128316
130024
131740
133464
135178
136887
138593
140269
141928
143601
145273
146941
148676
150352
152055
153773
155497
157207
158932
160641
162310
163980
165660
167327
169007
170680
172340
174057
175773
177489
179205
180919
182616
184299
185969
187629
189327
190993
192663
194333
196043
197745
199694
201411
203133
204852
206521
208191
209873
211551
213218
214894
216558
218225
219951
221670
223379
225099
226821
228489
230173
231846
233511
235230
236906
238575
240254
241969
243672
245395
247112
248880
250630
252306
253976
255652
257353
259008
260692
262365
264081
265804
267521
269233
270956
272669
274348
276045
277751
280262
281937
283608
285278
287249
288935
290613
292292
294001
295714
297434
299262
300998
302716
304392
306072
307791
309468
311147
312845
314529
316228
317968
319692
321429
323183
324913
326611
328466
330164
331839
333530
335229
336935
338628
340315
342045
343770
345496
347224
349026
350776
352451
354137
355805
357505
359186
360863
362534
364215
365916
367643
369361
371082
372792
374472
376142
377862
379543
20305
39452
62382
63681
65015
66396
67705
69011
70316
71628
72987
74341
75673
76982
78297
79610
80965
82320
83624
84960
86274
87587
88935
90288
91591
92895
94228
95540
96888
98243
99593
100903
102203
103508
104857
106233
107540
108844
110156
111461
112813
114167
115500
116815
118122
119417
120765
122117
123423
124736
126041
127716
129433
131141
132857
134572
136333
138025
139711
141395
143058
144740
146423
148090
150160
151842
153529
155245
157069
158786
160516
162240
163917
165615
167298
168970
170656
172339
174015
175698
177545
179262
180990
182714
184458
186204
187888
189558
191239
192915
194589
196269
197968
199952
201630
203346
205057
206802
208525
210244
211927
213607
215274
216960
218631
220303
221992
223670
225372
227130
228862
230577
232317
234077
235750
237422
239105
240780
242453
244130
245794
247526
249403
251141
252876
254604
256322
258022
259703
261377
263062
264756
266427
268148
269829
271567
273297
275021
276773
278507
280246
281931
283743
285431
287104
288818
290509
292190
293870
295551
297267
299058
300770
302498
304220
305909
307592
309283
310957
312653
314350
316030
317761
319498
321229
322956
324704
326440
328167
329874
331580
333261
334949
336653
338381
340077
341770
343506
345231
346958
348749
350512
352276
353966
355660
357344
359040
360721
362399
364071
365751
367486
369195
370915
372633
374353
376074
377757
379442
381129
20272
39338
61953
63260
64631
66006
67319
68626
69939
71241
72593
73948
75260
76568
77889
79218
80589
81951
83266
84576
85888
87202
88544
89905
91230
92527
93840
95161
96491
97838
99380
100805
102120
103429
104736
106098
107410
108716
110046
111364
112707
114092
115405
116711
118015
119325
120672
122027
123343
124647
125961
127637
129310
131028
132762
134480
136209
138062
139765
141483
143162
144836
146511
148209
149948
151630
153303
155020
156733
158449
160169
161916
163641
165314
167002
168667
170350
172022
173697
175376
177095
178809
180538
182286
184025
185748
187427
189101
190811
192483
194165
195887
197597
199464
201151
202871
204591
206316
208034
209764
211476
213159
214835
216544
218228
219911
221600
223280
224996
226713
228437
230150
231920
233639
235312
236998
238679
240352
242026
243703
245378
247065
248847
250604
252350
254081
255806
257488
259170
260844
262529
264214
265973
267669
269350
271062
272812
274535
276277
278002
279733
281454
283151
284838
286514
288193
289883
291564
293271
294992
296708
298459
300211
301953
303674
305361
307043
308733
310418
312111
313807
315495
317207
318942
320674
322429
324170
325900
327619
329322
331020
332704
334421
336130
337817
339511
341201
342970
344698
346423
348154
350021
351756
353433
355124
356809
358477
360160
361841
363541
365221
366934
368650
370365
372104
373828
375540
377213
378885
380569
20243
39290
61867
63210
64553
65857
67165
68496
69804
71157
72497
73805
75114
76424
77733
79105
80412
81724
83025
84337
85656
87002
88309
89619
90924
92235
93580
94947
96242
97544
99009
100321
101622
102973
104286
105586
106889
108219
109564
110917
112232
113538
114852
116182
117536
118886
120192
121487
122786
124092
125442
127156
128887
130599
132276
133948
135628
137301
139006
140683
142363
144037
145752
147462
149307
151037
152762
154462
156126
157806
159513
161186
162851
164523
166209
167920
169637
171354
173066
174784
176523
178201
179893
181570
183248
184945
186617
188280
189998
191708
193428
195153
196868
198617
200343
202015
203688
205370
207040
208731
210413
212094
213809
215538
217265
218972
220712
222390
224065
225738
227411
229081
230767
232446
234143
235871
237583
239301
241031
242752
244429
246115
247789
249737
251419
253106
254777
256456
258137
259841
261564
263299
265026
266760
268505
270220
271909
273585
275256
276955
278634
280306
282019
283736
285448
287188
288913
290672
292348
294020
295698
297376
299140
300808
302511
304190
305902
307624
309357
311110
312847
314576
316262
318115
319809
322427
324739
326547
328265
329962
331668
333352
335051
336757
338453
340133
341959
343704
345426
347152
348948
350684
352382
354067
355747
357431
360709
363339
365646
367644
369446
371193
372918
374639
376332
378013
379690
381384
383072
384752
20257
39509
62454
63763
65084
66435
67757
69112
70434
71748
73074
74398
75735
77094
78415
79733
81056
82376
83692
85062
86378
87697
89021
90337
91677
93035
94349
95681
97041
98379
99691
101054
102369
103688
105007
106364
107674
109036
110342
111666
112985
114331
115687
117050
118366
119688
121010
122322
123673
125039
126354
128054
129750
131434
133130
134823
136548
138245
139975
141701
143435
145171
146904
148827
150555
152240
153941
155626
157347
159044
160740
162425
164150
165880
167611
169349
171082
172811
174535
176231
177944
179636
181329
183020
184724
186442
188132
189870
191611
193363
195104
196843
198698
200379
202063
203757
205448
207186
208882
210575
212253
214008
215744
217474
219211
220951
222684
224378
226070
227779
229481
231178
232892
234592
236285
238012
239768
241499
243230
244962
246701
248462
250167
251858
253549
255246
256956
258650
260340
262038
263767
265506
267242
269003
270734
272435
274126
275813
277525
279236
280926
282653
284353
286060
287786
289528
291269
293007
294737
296434
298160
299819
301503
303202
304887
306576
308282
310019
311774
313524
315276
317028
318798
320547
322251
323942
325661
327360
329064
330781
332520
334214
335954
337710
339480
341220
342967
344724
346430
348146
349845
351540
353253
354947
356643
358343
360036
361759
363492
365243
367002
368738
370428
372106
373790
375456
377137
378808
380494
382160
20209
39287
62008
63314
64687
66000
67310
68612
69922
71268
72652
73962
75266
76566
77878
79259
80610
81921
83230
84525
85862
87203
88551
89891
91198
92499
93812
95202
96547
97859
99389
100688
101996
103299
104673
105984
107303
108603
109905
111254
112599
113914
115223
116539
117842
119186
120525
121835
123141
124443
125786
127498
129210
130934
132653
134374
136060
137732
139397
141079
142752
144422
146314
147992
149956
151693
153408
155138
156860
158576
160287
161970
163650
165312
167115
168810
170484
172168
173875
175584
177301
179025
180734
182458
184169
185848
187556
189232
190904
192573
194247
195934
197653
199545
201259
203001
204719
206429
208313
209987
211654
213338
215014
216723
218407
220080
221748
223475
225193
226903
228622
230340
232016
233697
235370
237065
238740
240418
242112
243796
245509
247230
249022
250746
252463
254185
255867
257569
259250
260927
262594
264303
266010
267688
269404
271140
272853
274577
276304
278014
279701
281380
283058
284732
286401
288074
289761
291505
293216
294945
296662
298408
300079
301757
303426
305111
306821
308490
310173
311868
313595
315331
317072
318811
320537
322257
323974
325856
327583
329280
330984
332756
334431
336136
337823
339539
341281
343046
344759
346490
348360
350033
351726
353413
355089
356794
358465
360136
361817
363530
365241
366964
368776
370487
372194
373870
375576
377281
378960
380630
20317
39446
62032
63345
64658
65975
67332
68652
69952
71266
72586
73934
75368
76686
78001
79304
80626
81938
83301
84661
85975
87285
88603
89916
91263
92581
93915
95233
96562
97908
99522
100885
102192
103514
104830
106138
107489
108833
110143
111455
112776
114106
115481
116837
118147
119461
120780
122080
123438
125078
126388
128062
129758
131434
133110
134806
136491
138202
139932
141656
143380
145154
146867
148621
150313
151994
153667
155361
157033
158714
160398
162110
163837
165582
167304
169032
170751
172432
174113
175807
177483
179169
180853
182529
184245
185984
187701
189423
191149
192865
194565
196245
198136
199803
201492
203163
204847
206541
208280
209993
211732
213471
215204
216930
218610
220282
221979
223652
225333
227024
228705
230378
232142
233864
235595
237321
239048
240771
242455
244141
245826
247518
249352
251050
252735
254422
256174
257890
259615
261336
263088
264905
266621
268312
269988
271676
273352
275038
276765
278457
280171
281932
283660
285487
287224
288951
290633
292322
293997
295683
297375
299148
300831
302520
304222
306207
307953
309691
311422
313172
314904
316808
318523
320220
321912
323602
325306
327020
328724
330425
332189
333946
335675
337418
339174
340901
342599
344304
345993
347675
349602
351293
352987
354684
356408
358128
359857
361577
363291
365022
366758
368437
370121
371799
373475
375164
376862
378547
380277
381996
20258
39891
62693
63989
65322
66699
68001
69301
70604
71920
73260
74604
75904
77210
78513
79822
81161
82508
83867
85182
86502
87813
89188
90539
91841
93237
94576
95892
97238
98619
99926
101265
102606
103965
105307
106649
107956
109291
110595
111895
113236
114585
115894
117192
118502
119838
121205
122557
123864
125199
126509
128175
129886
131596
133307
135055
136778
138528
140201
141878
143572
145240
146917
148636
150336
152014
153743
155464
157211
158922
160677
162385
164107
165783
167480
169156
170822
172500
174197
175872
177579
179291
180995
182737
184466
186134
187833
189509
191176
192881
194552
196226
197897
199867
201570
203284
204998
206746
208466
210171
211845
213852
215531
217209
218894
220594
222291
223961
225663
227418
229138
230876
232593
234287
235960
237678
239346
241016
242706
244386
246048
247762
249699
251417
253163
254908
256656
258357
260032
261709
263445
265135
266812
268490
270198
271954
273662
275380
277099
278835
280585
282262
284009
285684
287361
289049
290729
292403
294065
295769
297485
299339
301057
302770
304518
306263
307955
309640
311322
313012
314690
316370
318064
319798
321546
323273
325030
326782
328507
330198
331905
333841
335523
337247
338933
340631
342315
344009
345729
347451
349290
351023
352748
354680
356429
358110
359773
361437
363151
364818
366483
368158
369894
371609
373362
375138
376850
378559
380270
381939
20280
39446
62159
63546
64868
66187
67503
68825
70181
71535
72858
74176
75489
76810
78182
79540
80853
82173
83488
84824
86186
87542
88865
90185
91523
92842
94224
95585
96893
98211
99814
101130
102441
103850
105160
106478
107788
109108
110423
111788
113134
114448
115771
117136
118451
119821
121140
122456
123780
125101
126437
128181
129922
131641
133394
135088
136783
138477
140171
141858
143556
145253
146931
148707
150444
152170
153928
155683
157417
159113
160808
162488
164185
165875
167847
169548
171244
172928
174693
176428
178159
179896
181636
183362
185066
186761
188450
190136
191828
193514
195243
196937
198705
200435
202190
203925
205655
207408
209093
210792
212488
214174
215869
217591
219280
220975
222710
224455
226191
227923
229654
231388
233087
234773
236469
238164
239850
241547
243235
244951
246684
248442
250176
252153
253914
255652
257386
259078
260762
262459
264156
265874
267598
269301
270993
272733
274584
276316
278101
279852
281596
283338
285039
286733
288452
290149
291844
293548
295500
297192
298952
300678
302434
304195
305939
307675
309450
311154
312841
314560
316292
318001
319719
321434
323131
324851
326601
328346
330096
331861
333610
335351
337052
338761
340475
342183
343886
345649
347351
349134
350856
352640
354378
356128
357871
359639
361367
363057
364745
366458
368154
369836
371531
373224
374908
376644
378384
380114
381857
383624
20277
39420
62119
63439
64744
66094
67415
68724
70036
71352
72724
74080
75410
76712
78017
79335
80672
82018
83329
84677
85992
87315
88661
90021
91333
92668
94000
95317
96661
98017
99668
100983
102291
103608
104919
106273
107646
108949
110265
111581
112890
114246
115623
116922
118226
119547
120847
122218
123578
124937
126240
127933
129614
131286
133009
134717
136445
138178
139885
141597
143303
145015
146699
148419
150095
151779
153471
155144
156865
158625
160348
162073
163802
165527
167206
168898
170578
172264
173962
175644
177320
179041
180746
182473
184204
185961
187674
189356
191036
192856
194551
196230
197901
199872
201544
203226
204953
206673
208398
210134
211851
213562
215295
216974
218655
220345
222022
223703
225395
227133
228870
230587
232316
234046
235812
237486
239193
240874
242613
244312
245982
247663
249554
251236
252960
254695
256451
258172
259900
261605
263282
264996
266674
268363
270056
271740
273420
275116
276857
278595
280347
282073
283795
285547
287231
288918
290609
292293
293976
295666
297351
299170
300896
302628
304371
306129
307865
309589
311300
312993
314692
316390
318087
319783
321482
323159
324897
326683
328409
330143
331898
333613
335332
337045
338736
340421
342114
343808
345498
347209
349020
350753
352496
354223
355968
357704
359379
361094
362784
364457
366137
367871
369552
371235
372968
374687
376446
378181
379899
381623
20348
39467
62244
63599
64954
66262
67582
68911
70223
71577
72934
74248
75569
76880
78239
79595
80950
82264
83583
84896
86252
87620
88973
90288
91606
92935
94242
95593
96944
98256
99621
100933
102247
103640
104994
106314
107625
108958
110276
111623
112969
114290
115606
116922
118268
119645
121013
122333
123639
124957
126268
128016
129742
131475
133196
134927
136608
138306
140006
141698
143385
145076
146752
148504
150187
151922
153666
155389
157124
158843
160531
162204
163893
165569
167258
168980
170672
172355
174084
175801
177554
179294
181036
182761
184447
186127
187833
189544
191253
192926
194611
196302
198017
200040
201769
203489
205206
206937
208645
210341
212032
213712
215397
217088
218802
220484
222239
223951
225684
227412
229139
230865
232561
234240
235922
237636
239519
241206
242890
244572
246247
247968
249976
251716
253439
255189
256947
258646
260359
262048
263740
265422
267123
268834
270527
272237
273970
275692
277429
279177
280909
282599
284296
285981
287667
289384
291076
292768
294455
296178
297905
299898
301624
303350
305091
306849
308543
310264
311946
313654
315358
317049
318774
320486
322445
324172
325929
327704
329439
331196
332943
334667
336355
338061
339778
341478
343171
344877
346575
348265
350066
351794
353538
355271
357027
358747
360465
362145
363827
365516
367193
368893
370585
372287
374007
375742
377491
379206
380969
382687
20257
39359
96231
98214
99914
101469
102799
104106
105405
106713
108063
109411
111533
113370
114926
116322
117637
118946
120286
121640
122975
124281
125592
126894
128229
129594
130910
132225
133524
134834
136180
137528
138851
140180
141482
142788
144135
145485
146784
148095
149387
150691
152039
153408
154718
156022
157331
158634
160021
161369
162675
164348
166022
167688
169358
171033
172749
174492
176199
177908
179902
181613
183318
184988
186657
188346
190236
191903
193574
195243
196914
198678
200418
202148
203881
205592
207304
208983
210654
212329
214004
215681
217347
219021
220748
222463
224201
225918
227623
229382
231060
232725
234405
236082
237753
239432
241099
242766
244470
246202
247909
249951
251661
253366
255041
256718
258424
260092
261763
263437
265104
266772
268520
270266
271970
273744
275458
277137
278828
280504
282182
283849
285512
287188
288859
290593
292347
294056
295774
297520
299403
301077
302755
304431
306106
307844
309524
313107
316087
318597
320744
322682
324399
326129
327857
329596
331319
333010
334679
336360
338049
339725
341508
343259
345074
346758
348541
350298
352025
353806
356273
358400
360358
362092
363819
365539
367263
368959
370652
372356
374062
375782
377463
379162
380876
382618
384346
386086
387813
389549
391285
392971
394662
396351
398032
400065
401745
403409
405084
406751
408469
410221
411931
413634
415353
417023
418696
420362
422037
423716
20169
39262
61791
63092
64399
65728
67084
68455
69763
71065
72369
73676
75293
76642
77995
79299
80601
81911
83218
84592
85930
87232
88544
89853
91144
92499
93798
95106
96408
97715
99237
100596
101921
103223
104528
105848
107151
108496
109798
111100
112410
113720
115103
116449
117756
119170
120478
121786
123097
124462
125770
127444
129124
130799
132475
134150
135866
137539
139253
140980
142689
144416
146135
147806
149750
151428
153092
154767
156472
158142
159823
161499
163206
164947
166667
168382
170102
171780
173444
175117
176806
178478
180159
181835
183566
185326
187042
188762
190476
192219
193909
195589
197270
199118
200801
202480
204146
205851
207522
209230
210951
212666
214377
216102
217778
219445
221128
222823
224490
226213
227888
229562
231334
233098
234817
236540
238260
239963
241645
243313
244977
246680
248378
250041
251733
253451
255161
256887
258606
260320
262040
263722
265401
267128
268801
270474
272161
273836
275557
277290
279012
280735
282459
284184
285862
287576
289262
290938
292616
294296
295967
297644
299534
301268
303013
304736
306461
308216
309918
311609
313305
314977
316696
318402
320088
321760
323459
325182
326906
328650
330389
332106
333797
335498
337235
338918
340591
342287
343980
345667
347409
349233
350980
352695
354421
356141
357837
359522
361199
362865
364545
366225
367895
369570
371281
372996
374719
376440
378185
379870
20398
39499
62290
63651
65001
66323
67649
68965
70288
71646
73026
74372
75700
77018
78343
79708
81148
82536
83866
85176
86502
87827
89188
90540
91985
93302
94633
95962
97310
98704
100093
101409
102730
104048
105392
106762
108087
109404
110728
112054
113428
114795
116124
117462
118790
120116
121480
122863
124190
125506
126828
128526
130218
131954
134079
135804
137582
139324
141050
142824
144551
146244
147944
149958
151647
153346
155044
156734
158436
160139
161863
163643
165392
167121
168865
170593
172285
173985
175687
177379
179077
180778
182467
184207
185953
187678
189422
191181
192927
194668
196362
198050
200072
201774
203463
205161
206859
208548
210244
211981
213736
215483
217229
218982
220725
222427
224121
225818
227510
229200
230903
232602
234343
236082
237824
239558
241298
243062
244793
246521
248225
249986
251690
253387
255112
256821
258517
260214
261966
263719
265465
267221
268990
270740
272437
274131
275831
277533
279233
280941
282648
284385
286087
287844
289580
291325
293078
294806
296524
298218
299979
301674
303364
305099
306820
308518
310231
311985
313713
315477
317233
319015
320776
322526
324226
325943
327654
329359
331069
332796
334542
336254
337995
339749
341512
343277
345017
346788
348551
350244
351967
353683
355412
357119
358832
360524
362222
363956
365684
367423
369208
370935
372675
374380
376093
377791
379492
381184
382891
384615
20354
39448
62773
64082
65390
66697
68011
69363
70710
72059
73374
74677
76033
77382
78732
80046
81358
82666
83979
85334
86685
87998
89313
90625
91929
93301
94650
95962
97270
98609
99921
101269
102825
104137
105449
106761
108073
109417
110762
112092
113404
114715
116027
117372
118721
120033
121346
122652
123964
125310
126655
128339
130022
131693
133375
135058
136734
138417
140116
141828
143597
145315
147033
148826
150508
152212
153894
155577
157255
158938
160618
162291
164051
165763
167476
169194
170916
172654
174335
176018
177717
179398
181076
182753
184434
186123
187840
189567
191285
193033
194757
196433
198110
199784
201463
203143
204820
206503
208179
209903
211650
213447
215169
216887
218590
220279
221961
223636
225321
227024
228699
230382
232130
233865
235606
237327
239044
240775
242464
244143
245819
247503
249321
251009
252699
254407
256096
257810
259537
261343
263099
264821
266511
268199
269878
271563
273251
274935
276627
278323
280041
281774
283523
285235
286956
288677
290352
292039
293722
295424
297110
298853
300527
302218
303989
305708
307448
309182
310905
312658
314352
316037
317739
319440
321126
322815
324571
326255
327993
329728
331476
333215
334947
336685
338385
340075
341760
343467
345193
346875
348627
350316
352040
353906
355641
357359
359076
360794
362489
364173
365871
367542
369217
370898
372573
374420
376100
377817
379583
381306
20250
39278
61827
63125
64470
65841
67156
68502
69805
71114
72498
73847
75145
76457
77769
79081
80430
81778
83077
84383
85680
86978
88318
89657
90953
92259
93555
94896
96243
97550
99036
100354
101651
102945
104308
105606
106926
108231
109548
110890
112229
113528
114827
116126
117424
118767
120120
121427
122735
124039
125342
127054
128764
130494
132209
133931
135615
137286
138983
140648
142341
144016
145691
147368
149183
150889
152622
154332
156045
157788
159486
161149
162822
164497
166173
167856
169531
171230
172975
174697
176412
178142
179873
181549
183241
184924
186588
188263
189943
191651
193334
195043
196753
198535
200290
202000
203730
205407
207150
208826
210496
212168
213841
215513
217220
218957
220707
222409
224136
225840
227516
229189
230868
232531
234208
235886
237548
239264
241014
242718
244446
246161
247872
249891
251569
253237
254919
256597
258260
259945
261635
263304
265040
266766
268478
270230
271947
273614
275322
277002
278681
280371
282044
283716
285392
287105
288824
290585
292292
294008
295689
297365
299128
300809
302479
304144
305842
307517
309273
311039
312762
314471
316219
317949
319623
321308
322998
324732
326423
328121
329810
331523
333230
334957
336693
338423
340146
341889
343567
345239
346938
348678
350354
352179
353856
355518
357225
358952
360668
362391
364102
365794
367468
369140
370810
372549
374227
375898
377579
379260
20180
39348
61880
63187
64540
65846
67195
68578
69888
71194
72510
73844
75190
76533
77847
79144
80460
81795
83139
84485
85797
87114
88427
89735
91080
92432
93740
95084
96389
97698
99232
100597
101897
103203
104512
105817
107162
108513
109824
111131
112443
113763
115111
116473
117789
119097
120405
121709
123081
124433
125749
127421
129103
130774
132476
134148
135829
137536
139255
140972
142688
144406
146142
147809
149714
151377
153061
154733
156403
158075
159747
161454
163171
164881
166624
168339
170010
171681
173352
175053
176724
178410
180085
181750
183476
185238
186955
188683
190403
192095
193783
195665
197336
199097
200799
202472
204157
205835
207546
209276
211000
212715
214440
216589
218305
219988
221670
223339
225043
226722
228394
230077
231758
233466
235185
237011
238739
240469
242184
243858
245564
247243
248986
250707
252394
254073
255762
257491
259202
260947
262668
264396
266249
267941
269616
271305
272987
274658
276352
278043
279718
281450
283174
284917
286669
288396
290115
291809
293483
295157
296843
298558
300259
301946
303624
305331
307087
308820
310542
312288
313982
315674
317379
319076
320756
322444
324144
325816
327568
329313
331048
332783
334537
336271
337971
339661
341342
343056
344745
346421
348148
350208
351891
353618
355345
357087
358803
360522
362235
363919
365597
367267
368973
370650
372324
374011
375691
377429
379159
380883
20302
39378
62009
63333
64649
65974
67341
68697
70018
71342
72660
73983
75345
76705
78028
79353
80671
81993
83376
84736
86059
87384
88703
90025
91385
92748
94072
95403
96717
98038
99693
101045
102401
103726
105033
106355
107678
109036
110390
111717
113027
114349
115659
117024
118394
119710
121023
122344
123645
125045
126407
128097
129791
131490
133171
134869
136579
138266
139957
141686
143431
145164
146926
148695
150439
152140
153836
155521
157220
158920
160610
162307
164048
165756
167478
169208
170911
172637
174386
176078
177776
179475
181163
182856
184596
186540
188234
189923
191632
193359
195107
196829
198570
200285
201971
203667
205388
207077
208770
210460
212145
213871
215591
217308
219035
220777
222489
224204
225907
227595
229297
231000
232694
234420
236131
237821
239539
241266
242977
244698
246412
248112
249822
252348
254036
255741
257452
259139
260837
262538
264277
265985
267713
269434
271311
273041
274794
276519
278268
279972
281674
283390
285102
286816
288509
290213
291923
293632
295382
297101
298857
300572
302290
303983
305737
307442
309147
310856
312562
314301
316015
317743
319478
321277
323063
324815
326551
328308
330012
331740
333469
335205
336937
338661
340366
342071
343823
345555
347284
349064
350804
352536
354264
355978
357686
359387
361075
362775
364728
366418
368121
369819
371559
373278
375042
376757
378504
380200
381897
383599
20339
39426
62647
63961
65314
66630
67951
69263
70578
71909
73264
74576
75897
77207
78523
79875
81256
82571
83890
85195
86515
87862
89219
90562
91876
93187
94506
95859
97212
98565
99877
101188
102503
103850
105203
106519
107855
109168
110485
111854
113211
114533
115848
117162
118484
119823
121182
122503
123812
125293
126611
128292
130014
131777
133495
135225
136959
138643
140335
142019
143700
145384
147063
148793
150483
152227
153949
155702
157424
159192
161677
164165
166412
168386
170162
171906
173656
175379
177107
178843
180527
182209
183899
185580
187270
188959
190646
192382
194111
195828
197558
199434
201220
202941
204629
206308
207989
209677
211357
213065
214758
216442
218152
219885
221606
223329
225064
226814
228501
230188
231870
233620
235316
236997
238675
240365
242111
243846
245588
247314
249105
250827
252511
254203
255900
257588
259279
260976
262692
264378
266107
267840
269576
271321
273043
274771
276501
278182
279879
281583
283300
284990
286690
288377
290143
291891
293632
295365
297095
298884
300573
302263
303966
305652
307345
309033
310776
312492
314214
315959
317713
319445
321190
322947
324642
326426
328139
329836
331533
333277
334988
336683
338382
340120
341861
343614
345350
347099
348908
350598
352307
354038
355734
357433
359134
360857
362541
364231
365950
367680
369417
371132
372862
374575
376260
377943
379632
381317
383033
384727
20177
39247
61793
63097
64405
65762
67068
68415
69718
71019
72369
73719
75024
76358
77669
78973
80324
81670
82973
84299
85608
86912
88262
89626
90929
92238
93559
94867
96212
97579
99046
100357
101663
102964
104315
105662
106965
108295
109602
110902
112253
113606
114910
116220
117524
118823
120185
121539
122839
124150
125456
127120
128803
130551
132269
133999
135720
137430
139133
140810
142479
144187
145859
147524
149371
151047
152747
154461
156187
157886
159639
161347
163016
164694
166370
168038
169717
171393
173058
174770
176487
178219
179972
181694
183416
185095
186773
188440
190121
191797
193722
195401
197075
198828
200576
202293
204013
205728
207442
209134
210819
212492
214162
215845
217520
219190
220901
222614
224324
226041
227785
229528
231211
232884
234547
236230
237904
239577
241285
242962
244673
246384
248102
249820
251547
253253
254927
256608
258283
259953
261673
263356
265039
266762
268475
270238
271968
273686
275407
277098
278776
280454
282141
283819
285487
287175
288858
290599
292322
294043
295784
297503
299364
301036
302716
304395
306074
307765
309445
311173
312866
314585
316317
318060
319803
321515
323219
324906
326583
328290
329989
331680
333355
335055
336775
338500
340228
341980
343711
345454
347142
348887
350571
352257
353946
355623
357291
358977
360717
362427
364149
365862
367586
369293
370971
372640
374321
375995
377679
379398
20197
39184
61898
63229
64527
65831
67159
68480
69783
71092
72423
73728
75063
76368
77675
78988
80292
81624
82970
84267
85574
86889
88193
89518
90874
92191
93570
94888
96180
97530
98978
100282
101585
102914
104218
105539
106876
108172
109479
110791
112111
113441
114813
116116
117426
118736
120040
121370
122710
124042
125350
127033
128704
130378
132059
133740
135449
137159
138854
140553
142238
143946
145618
147290
149045
150720
152415
154086
155769
157476
159166
160868
162563
164263
165939
167599
169282
170955
172653
174324
175997
177701
179382
181076
182811
184572
186248
187930
189604
191276
192951
194617
196291
197992
199977
201669
203398
205091
206792
208485
210151
211829
213551
215219
216914
218594
220257
221950
223692
225388
227089
228800
230489
232196
233919
235584
237260
238944
240614
242291
243990
245671
247359
249149
250854
252560
254269
255936
257609
259296
260969
262665
264361
266068
267767
269484
271184
272890
274639
276324
278000
279688
281366
283042
284728
286403
288087
289806
291496
293199
294927
296616
298304
300015
301682
303362
305056
306732
308410
310112
311812
313519
315257
316971
318700
320386
322073
324030
325724
327417
329117
330811
332485
334338
336033
337735
339447
341185
342886
344712
346422
348115
349810
351500
353177
354854
356521
358183
359877
361579
363271
365214
366921
368624
370301
371984
373667
375345
377037
378705
20303
39444
62772
64131
65445
66764
68081
69405
70764
72158
73482
74796
76111
77431
79008
80368
81691
83010
84318
85643
86963
88322
89641
90958
92262
93580
94900
96301
97610
99064
100375
101692
103101
104453
105813
107122
108435
109755
111068
112451
113814
115124
116438
117750
119072
120423
121791
123102
124415
125726
127043
128771
130511
132273
134003
135723
137423
139115
140811
142498
144180
145867
147577
149422
151155
152931
154658
156389
158163
159889
161588
163310
164993
166683
168393
170075
171771
173492
175209
176933
178669
180401
182150
183886
185575
187272
188965
190653
192340
194049
195733
197451
199293
201006
202784
204517
206241
208021
209737
211421
213132
214824
216508
218198
219893
221575
223290
225024
226752
228486
230212
231994
233735
235427
237109
238802
240486
242172
243901
245599
247304
249099
250824
252574
254319
256061
257812
259505
261188
262875
264592
266297
267982
269686
271381
273139
274872
276613
278356
280101
281863
283559
285263
286959
288648
290346
292052
293788
295473
297206
299002
300732
302465
304205
305954
307668
309376
311083
312776
314498
316247
317947
319657
321377
323136
324870
326634
328385
330126
331915
333631
335317
337011
338716
340429
342118
343869
345570
347273
349077
350827
352582
354323
356066
357835
359523
361217
362908
364612
366330
368021
369704
371397
373126
374855
376591
378320
380041
381775
383471
20384
39472
62180
63485
64794
66111
67432
68806
70148
71478
72821
74137
75457
76844
78203
79519
80833
82146
83466
84822
86173
87491
88804
90124
91451
92802
94142
95469
96781
98093
99707
101055
102406
103744
105055
106370
107684
109033
110407
111726
113070
114384
115704
117052
118434
119755
121068
122409
123724
125070
126425
128141
129824
131506
133230
134926
136617
138310
139992
141676
143409
145129
146857
148631
150359
152045
153955
155643
157329
159017
160702
162405
164096
165779
167526
169288
171023
172771
174515
176253
177936
179628
181308
183031
184730
186413
188099
189791
191513
193244
194983
196697
198446
200170
201851
203573
205264
206945
208619
210312
211992
213674
215405
217128
218849
220583
222330
224050
225746
227426
229109
230797
232486
234168
235859
237628
239351
241087
242821
244562
246295
247969
249954
251650
253384
255076
256771
258450
260143
261835
263559
265296
267046
268779
270509
272269
274198
275886
277590
279289
280978
282678
284368
286056
287786
289513
291255
293006
294808
296540
298269
299943
301626
303351
305048
306735
308430
310122
311808
313559
315297
317031
318787
320530
322261
323994
325695
327390
329089
330801
332509
334210
335900
337682
339424
341160
342892
344677
346409
348124
350231
351916
353639
355349
357041
358732
360426
362107
363788
365516
367240
368970
370707
372486
374253
375938
377621
379307
381005
382690
20164
39183
62274
64921
67108
68934
70579
72028
73328
74637
76016
77323
78634
79947
81261
82606
83967
85276
86578
87898
89211
90558
91920
93230
94538
95853
97168
98575
99926
101235
102535
103850
105151
106530
107881
109195
110493
111813
113118
114464
115843
117157
118470
119789
121103
122451
123835
125148
126446
127761
129070
130787
132516
134235
135967
137702
139388
141079
142769
144450
146127
147832
149760
151438
153125
154839
156578
158313
160039
161761
163482
165161
166836
168522
170201
171878
173567
175275
177024
178750
180474
182196
183923
185654
187336
189025
190708
192389
194084
195765
197481
199287
200998
202713
204436
206172
207903
209631
211317
212991
214681
216365
218064
219755
221436
223111
225011
226757
228483
230203
231927
233648
235345
237028
238704
240392
242073
243752
245432
247141
248935
250660
252382
254101
255834
257559
259267
260950
262633
264305
265995
267729
269415
271113
272833
274546
276282
278007
279757
281500
283188
284872
286566
288274
289953
291649
293356
295034
296754
298502
300211
301938
303661
305340
307031
308747
310438
312137
313809
315507
317474
319165
320899
322652
324381
326106
327856
329586
331273
332986
334693
336380
338241
339946
341642
343368
345049
346794
348575
350293
352034
353768
355482
357168
358899
360583
362265
363954
365632
367326
369036
370749
372471
374200
375924
377653
379340
381023
382708
384400
20287
39316
61913
63267
64576
65893
67212
68537
69894
71257
72574
73886
75203
76514
77875
79236
80552
81868
83187
84486
85850
87201
88515
89837
91150
92463
93830
95175
96497
97815
99335
100648
102001
103352
104664
105979
107288
108600
109965
111316
112632
113948
115262
116573
117937
119300
120614
121930
123242
124553
125917
127637
129363
131056
132739
134421
136117
137800
139480
141173
142855
144579
146307
148035
150063
151798
153518
155255
156944
158625
160310
162005
163947
165629
167321
169001
170709
172434
174157
175904
177634
179358
181041
182733
184444
186128
187807
189485
191171
192860
194628
196348
198090
200149
201871
203604
205505
207223
208915
210596
212280
213998
215680
217365
219056
220756
222482
224216
225945
227668
229402
231087
232771
234480
236163
237846
239550
241235
242917
244644
246359
248089
250155
251892
253628
255414
257102
258802
260495
262180
263891
265590
267280
268973
270699
272424
274158
275917
277646
279405
281100
282814
284498
286193
287873
289579
291283
292973
294697
296444
298169
299882
301614
303341
305055
306755
308450
310144
311839
313535
315236
316931
318679
320435
322176
323902
325683
327427
329150
330869
332582
334267
335958
337670
339399
341089
342791
344537
346301
348042
350087
351823
353570
355330
357014
358706
360385
362070
363756
365435
367125
368813
370551
372278
374050
375807
377529
379258
380940
382630
20280
39380
62165
63510
64859
66175
67492
68802
70112
71466
72814
74116
75432
76752
78082
79436
80777
82093
83409
84717
86068
87418
88774
90091
91401
92715
94027
95394
96739
98047
99690
101001
102314
103664
105024
106338
107650
108962
110294
111643
113004
114313
115626
117185
118505
119855
121213
122523
123834
125140
126481
128217
129938
131666
133406
135134
136877
138561
140243
141925
143598
145280
147004
148738
150424
152155
153876
155604
157331
159058
160781
162475
164158
165828
167556
169239
170921
172611
174296
176170
177899
179623
181348
183082
184815
186502
188206
189893
191589
193281
194956
196836
198559
200230
201994
203721
205439
207166
208898
210614
212295
213978
215658
217830
219522
221206
222890
224578
226283
228006
229744
231467
233202
234929
236612
238315
240005
241687
243371
245056
246750
248458
250173
251920
253652
255388
257116
258862
260554
262237
263923
265624
267355
269047
270739
272425
274147
275876
277625
279366
281113
282847
284536
286245
287949
289640
291336
293029
294703
296396
298117
299853
301603
303315
305043
306776
308492
310186
311879
313582
315283
317006
318707
320406
322148
323874
325615
327348
329081
330830
332552
334243
335980
337747
339443
341140
342842
344543
346238
347965
350023
351786
353535
355262
356999
358757
360436
362120
363811
365489
367191
368878
370591
372277
374008
375727
377453
379199
380937
382625
20135
39095
61398
62706
65526
67679
69540
71150
72519
73833
75170
76485
77845
79227
80548
82059
83382
84699
86055
87410
88728
90051
91371
92686
94043
95406
96724
98053
99652
100966
102291
103673
105026
106348
107684
108996
110316
111675
113065
114386
115706
117024
118346
119705
121063
122666
123987
125327
126649
128002
129363
131102
132840
134524
136222
137915
139611
141306
143017
144706
146432
148167
149888
151621
153397
155126
156821
158540
160230
161928
163626
165314
167010
168703
170431
172163
173922
175641
177374
179111
180795
182700
184395
186083
187785
189478
191164
192940
194635
196361
198094
200180
201914
203853
205590
207318
209126
210818
212524
214224
215918
217606
219302
220995
222682
224423
226156
227890
229628
231362
233127
234824
236526
238213
239906
241599
243318
245018
246699
248443
250177
251912
253662
255399
257145
258838
260541
262232
263920
265621
267314
269012
270724
272479
274236
275973
277806
279535
281282
283055
284746
286456
288156
289845
291545
293272
295002
296705
298453
300178
301916
303665
305388
307129
308825
310517
312228
313931
315619
317339
319050
320736
322494
324291
326029
327795
329551
331292
333062
334788
336497
338199
339906
341615
343344
345061
346758
348543
350276
352012
354014
355761
357502
359244
360983
362673
364370
366064
367750
369436
371129
372821
374797
376490
378236
379968
381704
383452
385200
386923
20328
39508
62287
63597
64958
66270
67584
68907
70214
71562
72921
74227
75681
76991
78334
79640
81019
82327
83644
84957
86267
87615
88968
90269
91582
92969
94281
95599
96963
98290
99588
100892
102202
103549
104889
106205
107516
108845
110172
111521
112869
114183
115500
116810
118166
119519
120863
122176
123484
124791
126104
127820
129534
131267
133003
134722
136431
138122
139796
141485
143320
145001
146680
148447
150124
151847
153566
155309
157034
158752
160462
162144
163823
165506
167188
168909
170591
172267
173951
175668
177421
179142
180864
182582
184274
185951
187637
189339
191022
192709
194394
196070
197797
199755
201498
203238
204953
206701
208413
210109
211798
213483
215159
216842
218531
220216
221929
223643
225372
227117
228838
230562
232241
233924
235598
237282
239000
240680
242356
244031
245747
247469
249317
251046
252772
254497
256184
257865
259584
261301
262985
264668
266362
268058
269770
271491
273236
274956
276691
278412
280130
281823
283520
285205
286889
288591
290282
291996
293713
295507
297249
299046
300759
302475
304151
305840
307528
309251
310938
312643
314336
316031
317768
319516
321246
322971
324714
326430
328125
329853
331557
333248
334940
336644
338350
340045
341768
343508
345284
346999
348789
350537
352229
353913
355606
357293
358965
360639
362321
363992
365718
367438
369160
370899
372627
374304
375982
377666
379643
381326
20313
39457
62672
64026
65384
66706
68033
69356
70677
72058
73420
74741
76049
77369
78692
80051
81405
82727
84034
85349
86659
88010
89375
90702
92010
93332
94641
96004
97359
98769
100086
101392
102710
104057
105417
106723
108063
109367
110691
112034
113395
114709
116032
117337
118660
120007
121372
122678
124002
125306
126628
128347
130103
131829
133569
135284
136989
138698
140393
142073
143768
145443
147132
148884
150604
152347
154073
155813
157538
159307
160989
162688
164367
166078
167754
169450
171135
172866
174583
176326
178048
179817
181547
183287
184983
186683
188373
190074
191750
193449
195128
196828
198598
200340
202077
203797
205560
207320
209033
210734
212433
214119
215819
217513
219204
220923
222673
224397
226142
227876
229711
231496
233230
234924
236622
238317
240006
241708
243405
245088
246773
248549
250523
252263
254025
255766
257538
259286
260974
262673
264369
266065
267774
269481
271187
272896
274636
276359
278107
279889
281627
283376
285079
286766
288460
290161
291856
293561
295255
296942
298726
300500
302232
303971
305705
307483
309227
310921
312612
314335
316045
317742
319458
321195
322892
324626
326376
328123
329865
331631
333415
335126
336832
338538
340251
341976
343666
345389
347086
348828
350635
352382
354128
355872
357874
359607
361344
363039
364725
366422
368114
369799
371518
373210
374898
376628
378362
380097
381843
383582
20209
39261
61964
63319
64626
65967
67272
68588
69966
71308
72624
73930
75249
76560
77913
79251
80568
81881
83188
84496
85852
87160
88475
89786
91087
92425
93784
95084
96541
97851
99382
100698
102058
103406
104718
106059
107365
108677
110030
111378
112696
114005
115309
116623
117978
119318
120630
121943
123245
124560
125933
127652
129374
131053
132714
134396
136108
137776
139460
141137
142808
144525
146241
147953
149956
151677
153409
155093
156805
158475
160157
161835
163502
165179
166854
168565
170470
172190
173903
175664
177430
179099
180773
182450
184126
185833
187511
189184
190869
192585
194300
196027
197780
199718
201436
203111
204797
206498
208174
209840
211525
213204
214872
216589
218328
220061
221781
223504
225175
226947
228626
230294
231985
233660
235329
237010
238730
240451
242163
243884
245603
247633
249517
251192
252881
254605
256282
257964
259639
261308
262991
264743
266460
268201
269926
271644
273368
275046
276729
278427
280113
281793
283472
285150
286825
288775
290498
292214
293930
295646
297389
299166
300841
302514
304226
305909
307593
309288
310959
312692
314432
316161
317910
319652
321383
323059
324760
326454
328132
329942
331643
333322
335014
336750
338512
340264
341984
343725
345470
347174
348938
350624
352317
353999
355693
357368
359085
360801
362514
364230
365950
367656
369367
371040
372752
374421
376105
377782
379495
381170
20510
39865
63102
64534
65850
67160
68479
69829
71205
72592
73909
75214
76536
77877
79231
80619
81932
83276
84597
85930
87287
88670
89991
91342
92924
94231
95573
96983
98347
99657
100996
102310
103655
105055
106400
107723
109065
110472
111821
113176
114591
115910
117224
118539
119891
121249
122599
123920
125260
126576
127923
129664
131383
133116
134862
136589
138354
140044
141753
143478
145188
146871
148602
150310
151991
153740
155516
157266
159004
160760
162490
164238
165956
167661
169342
171020
172701
174437
176152
177919
179656
181379
183107
184867
186600
188369
190063
191773
193561
195247
196934
198698
200406
202088
203796
205568
207319
209046
210808
212551
214231
215925
217636
219316
221034
222719
224426
226146
227885
229603
231333
233066
234938
236678
238432
240117
241838
243545
245222
246932
248668
250377
252068
253825
255828
257589
259325
261076
262811
264577
266287
268013
269730
271437
273129
274852
276602
278352
280055
281804
283543
285323
287057
288820
290547
292285
293989
295695
297377
299178
300861
302541
304223
305959
307700
309440
311206
312967
314747
316502
318191
319893
321627
323338
325067
326787
328555
330260
331984
333734
335518
337256
339015
340774
342535
344232
345926
347629
349506
351196
352917
354633
356381
358102
359831
361595
363400
365167
366898
368652
370370
372084
373777
375488
377189
378899
380583
382305
384000
385773
20239
39309
61943
63242
64534
65849
67191
68543
69849
71160
72459
73773
75120
76435
77747
79089
80391
81705
83047
84367
85667
86982
88306
89656
91024
92327
93627
94945
96241
97583
99081
100381
101693
102995
104307
105677
107021
108319
109644
110952
112267
113611
114963
116262
117575
118889
120207
121545
122923
124223
125533
127208
128906
130574
132263
133968
135697
137402
139118
140847
142566
144243
145929
147609
149514
151189
152853
154527
156458
158125
159843
161618
163360
165113
166910
168646
170332
172012
173685
175365
177046
178722
180402
182083
183805
185538
187262
188979
190729
192411
194087
195772
197444
199269
200954
202635
204308
206043
207763
209489
211228
212950
214665
216351
218035
219700
221384
223064
224747
226428
228110
229824
231563
233290
235005
236726
238409
240120
241808
243484
245163
246837
248563
250244
251969
253705
255426
257149
258884
260636
262322
264014
265733
267414
269126
270841
272515
274238
275962
277697
279424
281268
282996
284714
286393
288080
289788
291470
293156
294838
296503
298181
299937
301685
303407
305132
306870
308646
310501
312220
313916
315599
317299
319000
320688
322379
324101
325823
327565
329316
331162
332897
334625
336326
338022
339716
341401
343109
344797
346475
348174
349948
351731
353465
355197
356937
358723
360410
362094
363774
365447
367125
368807
370482
372184
373904
375615
377344
379071
380791
20212
39301
62148
63447
64757
66101
67443
68792
70101
71404
72719
74025
75401
76755
78057
79364
80675
81986
83329
84676
85987
87289
88604
89913
91259
92603
93916
95219
96640
97937
99539
100893
102198
103500
104811
106156
107488
108863
110199
111503
112817
114125
115469
116819
118123
119430
120745
122055
123393
124739
126047
127742
129426
131101
132770
134452
136152
137858
139599
141319
143066
144785
146485
148154
149808
151483
153151
154832
156545
158213
159933
161669
163382
165095
166813
168517
170198
171876
173544
175227
176940
178608
180288
181966
183682
185400
187122
188825
190548
192216
193879
195579
197282
199014
200692
202364
204037
205752
207462
209193
210933
212654
214311
215989
217691
219357
221036
222701
224369
226070
227809
229519
231249
232963
234676
236361
238063
239733
241414
243094
244785
246457
248130
249832
251564
253290
255006
256721
258452
260110
261797
263474
265152
266864
268538
270200
271922
273632
275354
277121
278887
280591
282277
283952
285629
287356
289038
290711
292389
294063
295764
297480
299329
301044
302768
304484
306170
307889
309568
311250
313004
314679
316363
318067
319786
321500
323243
324977
326698
328469
330171
331850
333538
335240
336931
338625
340310
342001
343724
345444
347192
349008
350737
352432
354120
355798
357469
359141
360818
362505
364191
365902
367613
369347
371065
372770
374488
376163
377861
379544
20295
39402
62219
63521
64831
66130
67481
68860
70170
71476
72793
74123
75471
76819
78452
79755
81069
82369
83682
85029
86408
87713
89027
90336
91647
93023
94367
95676
96989
98307
99639
101027
102374
103707
105013
106318
107618
108994
110340
111646
112951
114261
115566
116916
118290
119601
120932
122239
123539
124889
126206
127901
129579
131256
132934
134608
136292
137997
139721
141472
143187
144914
146624
148353
150028
151706
153375
155055
156739
158402
160116
161822
163536
165258
166976
168750
170471
172162
173838
175514
177196
178865
180537
182211
183893
185647
187407
189194
190912
192618
194321
196004
197683
199554
201220
202900
204564
206246
207919
209666
211391
213112
214842
216559
218251
219924
221624
223297
224975
226644
228339
230030
231780
233492
235234
236953
238669
240383
242058
243740
245405
247088
248826
250509
252193
253880
255616
257376
259312
261018
262745
264466
266156
267833
269511
271191
272881
274563
276247
277936
279924
281634
283362
285071
286791
288515
290261
291959
293637
295312
296985
298707
300494
302170
303858
305605
307331
309086
310814
312550
314236
315924
317617
319319
321000
322681
324374
326066
327779
329557
331296
333024
334749
336497
338179
339914
341600
343299
344981
346669
348384
350095
351829
353549
355285
357025
358735
360470
362150
363814
365496
367169
368847
370540
372230
374108
375829
377549
379307
381030
20286
39746
62463
63878
65232
66541
67856
69157
70464
71832
73194
74502
75817
77131
78442
79792
81152
82463
83779
85303
86616
87934
89343
90658
91972
93283
94607
95964
97318
98669
99983
101294
102599
104046
105394
106764
108075
109388
110700
112014
113371
114682
115994
117307
118618
119932
121292
122602
123944
125290
126598
128322
130046
131765
133503
135232
136960
138648
140331
142017
143705
145430
147107
148852
150534
152251
153980
155708
157473
159203
160932
162615
164299
166005
167676
169363
171047
172729
174412
176134
177856
179585
181309
183034
184730
186438
188119
189803
191503
193183
194991
196674
198374
200084
201801
203517
205248
207005
208685
210374
212051
213731
215698
217401
219080
220762
222447
224165
225895
227635
229357
231086
232803
234522
236329
238017
239689
241411
243097
244774
246451
248173
249881
251621
253349
255081
256830
258586
260268
261954
263639
265348
267051
268750
270430
272162
273895
275670
277415
279149
280872
282575
284260
285965
287653
289341
291042
292741
294419
296135
297861
299834
301562
303295
305019
306734
308459
310151
311833
313538
315249
316935
318638
320344
322073
323813
325585
327340
329080
330818
332523
334224
335936
337639
339345
341042
342731
344444
346174
347901
349929
351662
353394
355128
356906
358589
360301
361989
363670
365359
367043
368708
370392
372114
373858
375643
377393
379106
380835
382519
20465
39565
62216
63522
64868
66225
67539
68855
70160
71470
72873
74207
75530
76840
78152
79467
80817
82188
83498
84813
86121
87431
88806
90116
91554
92866
94177
95494
96849
98174
99474
100783
102086
103396
104747
106093
107401
108713
110024
111335
112715
114024
115327
116638
117946
119292
120644
121952
123426
124739
126044
127724
129434
131152
132978
134706
136427
138109
139787
141463
143147
146284
148798
150802
152587
154312
156004
157696
159382
161078
162774
164460
166152
167844
169570
171306
173083
174849
176579
178313
179997
181696
183391
185080
186789
188482
190337
192036
193760
195484
197224
199027
200759
202521
204253
205939
207636
209329
211016
212714
214406
216089
217782
219516
221247
223014
224772
226499
228230
229922
231610
233299
234997
236684
238379
240082
241761
243514
245255
246985
248763
250529
252360
254065
255765
257455
259164
260856
262544
264259
265956
267684
269432
271180
272983
274760
276507
278231
279943
281647
283342
285045
286743
288432
290131
291827
293584
295327
297068
298856
300599
302341
304028
305731
307424
309258
310969
312673
314408
316123
317833
319570
321329
323095
324866
326606
328362
330059
331763
333486
335199
336909
338613
340325
342044
343776
345512
347269
349074
350813
352588
354336
356047
357753
359475
361163
362855
364573
366259
367951
369682
371441
373336
375099
376834
378566
380301
381984
383691
385390
25824
44865
69520
70836
72139
73429
74741
76086
77444
78751
80061
81354
82686
84049
85355
86660
87969
89267
90577
92028
93333
94641
95946
97238
98895
100244
101601
102916
104211
105516
106818
108168
109498
110804
112096
113408
114707
116054
117361
118698
119998
121308
122642
123991
125296
126607
127902
129215
130551
131902
133207
134884
136585
138265
139929
141589
143380
145054
146749
148654
150374
152079
153795
155494
157164
158847
160516
162174
163911
165579
167252
168964
170693
172416
174136
175841
177565
179236
180910
182575
184257
185939
187605
189280
190960
192677
194406
196116
197859
199580
201244
202910
204613
206285
207947
209622
211285
212994
214702
216426
218129
219895
221605
223272
224948
226620
228281
229960
231628
233315
234995
236729
238457
240172
241877
243605
246156
247920
249637
251300
252983
254770
256437
258123
259804
261477
263198
264902
266611
268329
270066
271782
273505
275182
276850
278535
280213
281875
283584
285266
286942
288683
290410
292113
293836
295571
297252
299285
300958
302630
304348
306019
307681
309367
311035
312747
314491
316218
317982
319724
321418
323105
324823
326515
328195
329878
331564
333275
334961
336697
338525
340256
341961
343705
345427
347118
349112
350803
352474
354190
355892
357569
359260
360977
362693
364407
366127
367830
369549
371219
372882
374578
376257
377915
379596
381262
382976
384686
386416
388375
20323
39505
62386
63732
65099
66440
67746
69071
70387
71733
73104
74422
76095
77420
78741
80054
81415
82774
84091
85426
86744
88065
89425
90786
92108
93447
94760
96088
97455
98885
100204
101523
102834
104147
105509
106976
108295
109615
110967
112287
113641
115002
116541
117858
119177
120500
121820
123178
124498
125835
127148
128842
130538
132221
133953
135688
137448
139182
140919
142635
144501
146192
147876
149830
151523
153208
154903
156599
158291
160024
161759
163491
165222
166994
168722
170416
172112
173800
175487
177184
178890
180587
182279
184002
185737
187501
189226
190966
192697
194403
196106
197789
199705
201400
203080
204765
206460
208216
209940
211682
213420
215145
216906
218592
220305
221993
223690
225375
227061
228785
230470
232164
233902
235631
237394
239129
240858
242553
244248
245936
247633
249520
251206
252905
254605
256299
258058
259793
261524
263267
265013
266742
268448
270149
271836
273539
275227
276917
278672
280382
282108
283856
285605
287362
289099
290851
292539
294244
295935
297629
299554
301237
302921
304621
306327
308093
309839
311595
313354
315107
316863
318573
320283
322029
323731
325422
327130
328869
330570
332279
334060
335797
337613
339381
341133
342875
344571
346291
347975
349987
351706
353401
355102
356796
358548
360231
361954
363741
365491
367215
368949
370662
372374
374067
375751
377451
379187
380867
382567
384264
20164
39248
61678
63014
64352
65717
67748
69445
70918
72334
73674
75029
76342
77655
78969
80288
81634
82991
84310
85612
86926
88240
89585
90944
92260
93582
94896
96215
97567
99043
100361
101671
103235
104549
105845
107198
108504
109811
111114
112450
113780
115175
116477
117789
119099
120410
121752
123111
124407
125720
127024
128704
130384
132107
133841
135554
137273
138998
140700
142384
144098
145774
147447
149270
150949
152632
154316
156026
157752
159475
161190
162917
164652
166324
168007
169692
171367
173074
174755
176430
178146
179864
181635
183380
185116
186831
188517
190201
191878
193570
195274
196948
198694
200381
202089
203816
205551
207271
208994
210720
212394
214120
215804
217512
219199
220889
222565
224246
225972
227685
229409
231138
232861
234574
236260
237932
239614
241301
242981
244666
246339
248052
250092
251820
253536
255287
257025
258734
260416
262101
264039
265729
267454
269141
270826
272516
274193
275918
277674
279403
281141
282880
284694
286382
288068
289747
291445
293139
294807
296489
298176
299874
301619
303351
305263
306991
308730
310413
312101
313831
315719
317451
319194
320896
322592
324318
326061
327785
329524
331277
333017
334788
336481
338177
339873
341590
343274
344982
346667
348359
350093
351866
353590
355352
357091
358808
360490
362173
364006
365690
367373
369044
370729
372412
374120
375852
377584
379296
381091
382836
24588
44223
68527
69825
71125
72436
73773
75115
76416
77725
79036
80335
81783
83120
84430
85729
87041
88353
89692
91065
92367
93665
94970
96271
97621
98972
100280
101586
102893
104194
105537
106874
108175
109474
110784
112101
113474
114784
116113
117412
118714
120010
121613
122955
124263
125562
126874
128175
129516
130964
132315
133984
135652
137334
139012
140691
142400
144104
145831
147556
149607
151342
153049
154715
156392
158070
159734
161403
163077
164741
166441
168156
169870
171621
173329
175051
176730
178402
180079
181749
183414
185090
186763
188430
190152
191907
193733
196175
198379
200233
201963
203674
205377
207092
208770
210437
212104
213780
215454
217154
218827
220504
222264
223977
225690
227404
229113
230778
232456
234135
235801
237476
239155
240832
242535
244251
245962
247684
249446
251187
252888
254555
256224
257906
259578
261259
262960
264628
266355
268062
269784
271524
273243
274960
276627
278301
279972
281638
283337
285049
286729
288415
290146
291907
293621
295341
297064
298954
300711
302390
304062
305733
307397
309071
310739
312453
314183
315909
317625
319360
321094
322766
324453
326142
327818
329501
331197
332926
334652
336380
338113
339829
341561
343303
345032
346719
348474
350175
351848
353552
355248
356928
358615
360336
362289
364007
365733
367451
369187
370886
372554
374226
375898
377563
379239
380916
382697
384392
386108
387835
20264
39311
61899
63213
64535
65839
67154
68498
69840
71154
72461
73811
75124
76488
77846
79160
80468
81778
83093
84443
85799
87123
88431
89740
91051
92404
93748
95086
96390
97689
99182
100518
101869
103184
104531
105839
107151
108502
109855
111171
112478
113815
115130
116479
117831
119137
120443
121760
123081
124429
125799
127479
129151
130831
132515
134282
135964
137647
139312
141027
142755
144478
146196
147921
149916
151599
153280
155178
156861
158541
160213
161892
163597
165271
166994
168715
170454
172176
173904
175592
177271
178960
180632
182314
184005
185679
187358
189096
190810
192531
194266
195994
197705
199595
201268
202946
204666
206336
208014
209699
211369
213086
214815
216533
218258
219980
221682
223354
225073
226746
228428
230117
231797
233477
235198
236913
238788
240514
242229
243949
245684
247351
249109
250790
252466
254175
255866
257535
259214
260936
262656
264383
266142
267863
269543
271220
272920
274618
276312
277997
279682
281378
283092
284830
286584
288319
290051
291777
293470
295241
296931
298648
300318
302001
303672
305355
307105
308828
310549
312287
314020
316026
317766
319463
321151
322880
324586
326279
327978
329676
331388
333111
334849
336722
338464
340192
341919
343627
345314
346999
348765
350449
352142
353836
355517
357328
359045
360759
362478
364198
365954
367627
369311
370974
372643
374329
376002
377683
379375
381090
20315
39386
62071
63380
64690
65999
67310
68664
70044
71355
72673
73979
75291
76647
78033
79367
80682
81992
83304
84671
86025
87337
89182
90798
92237
93547
94910
96267
97578
99025
100338
101661
103012
104371
105693
107012
108324
109647
111036
112392
113714
115034
116370
117695
119044
120448
121773
123096
124409
125732
127065
128819
130587
132322
134055
135757
137463
139148
140846
142545
144224
145919
147613
149508
151273
153000
154730
156472
158214
159943
161642
163357
165042
166740
168440
170127
171857
173553
175279
177019
178759
180515
182246
183981
185676
187373
189066
190745
192441
194139
195818
197515
199386
201148
202877
204605
206330
208068
209765
211452
213192
214888
216577
218264
219964
221680
223377
225107
226841
228579
230321
232052
233757
235453
237140
238839
240536
242250
243952
245648
247408
249259
251133
252876
254618
256365
258101
259800
261521
263225
264917
266622
268321
270033
271984
273673
275409
277144
278883
280649
282383
284141
285872
287591
289278
290983
292686
294380
296063
297794
299720
301437
303170
304900
306654
308404
310146
311871
313696
315404
317113
318816
320524
322273
323978
325671
327435
329179
330922
332691
334454
336195
337927
339647
341349
343062
344765
346470
348195
349866
351614
353360
355110
356838
358576
360315
362043
363754
365437
367122
368818
370505
372214
373914
375609
377333
379072
380806
382549
384293
20418
40112
63028
64348
65660
67026
68351
69669
70988
72327
73671
75051
76377
77693
79017
80340
81657
83079
84433
85737
87059
88384
89700
91066
92388
93748
95070
96400
97707
99230
100596
101910
103453
104775
106105
107463
108825
110148
111460
112815
114130
115491
116858
118175
119497
120822
122143
123541
124910
126227
127550
129264
130957
132665
134364
136051
137793
139558
141311
143050
144784
146503
148205
149937
151635
153382
155070
156790
158493
160182
161919
163663
165391
167116
168889
170614
172311
174036
175721
177415
179115
180803
182505
184209
185939
187695
189445
191322
193062
194818
196548
198245
199998
201696
203436
205125
206821
208518
210208
211943
213682
215409
217151
218892
220623
222321
224050
225762
227461
229157
230848
232549
234265
235957
237692
239436
241194
242940
244723
246427
248116
250150
251836
253824
255530
257227
258929
260624
262314
264007
265760
267500
269253
271002
272728
274574
276290
277979
279682
281384
283081
284784
286489
288181
289918
291660
293404
295188
296932
298718
300436
302129
303852
305556
307255
308952
310656
312366
314057
315809
317559
319299
321086
322847
324610
326516
328238
329939
331652
333375
335087
336799
338508
340217
341969
343715
345469
347229
349047
350793
352550
354305
356008
357714
359421
361114
362809
364510
366199
367933
369675
371405
373142
374925
376702
378425
380123
381808
383537
385239
20297
39384
62035
63386
64684
65995
67311
68620
69983
71335
72643
73952
75256
76567
77917
79272
80578
81885
83199
84499
85844
87152
88484
89796
91100
92444
93802
95110
96421
97719
99212
100515
101867
103170
104479
105819
107130
108435
109809
111113
112422
113723
115036
116379
117736
119057
120366
121671
123005
124353
125710
127426
129137
130810
132479
134152
135834
137506
139173
140863
142576
144297
146021
147742
149723
151453
153119
154798
156510
159544
162086
164290
166247
167992
169715
171427
173101
174777
176455
178128
179792
181475
183150
184824
186552
188268
190035
191746
193463
195138
196824
198545
200216
201891
203572
205249
206921
208640
210379
212103
213826
215536
217219
218893
220567
222250
224106
225786
227460
229130
230824
232538
234266
236003
237725
239469
241141
242818
244491
246159
247833
249808
251534
253253
254973
256671
258407
260157
261870
263585
265296
266989
268670
270362
272032
273728
275417
277090
278825
280576
282290
284022
285749
287463
289149
290827
292506
294190
295878
297550
299386
301095
302797
304520
306261
308234
309984
311707
313417
315112
316803
318473
320178
321894
323592
325282
326985
328715
330474
332230
333969
335693
337421
339113
340809
342513
344202
345909
347597
349444
351422
353106
354818
356545
358294
360030
361752
363480
365143
366816
368488
370157
371960
373633
375299
376999
378733
380448
382176
383902
20837
39923
62652
63999
65293
66598
68099
69411
70711
72064
73376
74677
76063
77376
78694
80043
81345
82654
83961
85272
86618
87955
89265
90577
91882
93188
94533
95887
97200
98555
99854
101160
102504
103847
105148
106455
108105
109414
110726
112066
113379
114681
115989
117316
118664
120010
121316
122626
123929
125248
126590
128298
130014
131741
133409
135076
136748
138456
140132
141812
143509
145179
146897
148658
150379
152101
153793
155495
157165
158887
160558
162230
163909
165580
167262
168948
170666
172382
174087
175783
177502
179200
180871
182546
184222
185897
187572
189250
190967
192688
194408
196109
197830
199832
201542
203214
204888
206556
208254
209926
211599
213271
214980
216714
218413
220138
221847
223570
225236
226943
228610
230280
231962
233634
235307
237027
238743
240448
242168
243900
245611
247287
249058
250742
252419
254105
255784
257459
259139
260887
262606
264344
266066
267806
269566
271244
272923
274602
276288
277979
279661
281345
283025
284745
286462
288184
289923
291625
293301
295004
297338
299588
301384
303068
304743
306430
308120
309806
311515
313220
314944
316676
318423
320201
321946
323660
325357
327071
328784
330482
332194
333875
335561
337273
338999
340740
342481
344229
345956
347683
349687
351375
353069
354763
356437
358121
359796
361497
363182
364907
366616
368343
370345
372063
373789
375494
377185
378870
380562
382242
20322
39431
62141
63525
64874
66179
67528
68832
70134
71485
72859
74164
75476
76786
78094
79442
80784
82092
83403
84701
86014
87360
88712
90016
91316
92610
93955
95313
96663
97976
99536
100833
102141
103684
105036
106376
107680
108980
110285
111602
113000
114306
115658
116956
118264
119571
120924
122231
123545
124847
126153
127865
129573
131296
133023
134732
136453
138127
139789
141465
143141
144835
146508
148191
149913
151626
153340
155060
156774
158492
160169
161853
163537
165224
166906
168591
170266
171952
173696
175407
177124
178834
180539
182229
183933
185609
187284
188970
190641
192326
194052
195755
197467
199304
201013
202732
204459
206122
207795
209471
211137
212851
214568
216236
217929
219644
221355
223080
224800
226504
228180
229850
231524
233225
234924
236599
238271
239955
241672
243395
245112
246837
248597
250280
251963
253643
255350
257012
258700
260374
262054
263950
265674
267413
269124
270839
272560
274240
275937
277621
279312
281001
282670
284629
286317
287990
289708
291444
293160
294878
296602
298272
299954
301665
303328
305143
306836
308513
310189
311921
313651
315384
317129
318868
320594
322271
323965
325800
327490
329187
330887
332576
334267
336029
337764
339485
341206
342952
344669
346385
348099
350124
351861
353549
355270
356951
358622
360297
361980
363694
365406
367116
368840
370549
372235
373907
375601
377277
378961
380628
20394
39566
62485
63829
65201
66527
67861
69173
70482
71848
73189
74502
75811
77124
78435
79794
81106
82683
84003
85308
86621
87973
89382
90703
92002
93315
94624
95982
97341
98750
100097
101407
102714
104060
105423
106733
108030
109339
110649
112018
113375
114700
116012
117321
118630
119983
121336
122646
123953
125262
126573
128294
130026
131746
133485
135205
136899
138631
140310
141996
143673
145363
147037
148799
150504
152232
153956
155690
157418
159133
160813
162489
164170
165845
167552
169228
170921
172650
174356
176147
177889
179654
181386
183102
184788
186471
188183
189864
191549
193241
194922
196641
198412
200179
201902
203664
205382
207069
208776
210452
212138
213829
215506
217213
218909
220618
222340
224080
225792
227515
229286
230961
232647
234336
236008
237690
239381
241059
242736
244467
246184
247909
249943
251849
253574
255307
256990
258676
260348
262035
263720
265408
267093
268790
270554
272282
274016
275740
277468
279252
280937
282626
284323
285998
287684
289377
291066
292754
294481
296203
297926
299957
301699
303430
305119
306800
308528
310225
311902
313604
315311
316998
318732
320491
322235
323965
325716
327446
329196
330911
332614
334307
336028
337730
339427
341125
342811
344571
346314
348039
350162
351934
353660
355390
357089
358764
360444
362130
363804
365486
367179
368851
370596
372326
374037
375762
377495
379238
380929
382621
20526
39841
62832
64172
65519
66922
68320
69669
71016
72366
73737
75129
76520
77870
79222
80569
81919
83333
84728
86073
87423
88768
90122
91474
93133
94511
95863
97226
98614
99955
101330
102729
104092
105431
106833
108183
109537
110923
112305
113652
114995
116346
117685
119078
120471
121822
123177
124527
125873
127254
128645
130422
132200
133945
135683
137421
139175
140913
142652
144409
146145
147886
149937
151715
153530
155312
157081
158850
160631
162411
164174
165912
167644
169380
171114
172847
174612
176350
178085
179824
181598
183411
185189
186970
188745
190784
192568
194342
196080
197809
199793
201523
203258
205010
206761
208500
210253
211992
213888
215661
217438
219221
220998
222772
224562
226358
228103
229838
231575
233311
235172
236905
238648
240388
242140
243904
245688
247463
249377
251149
252926
254701
256484
258294
260044
261787
263530
265306
267043
268770
270517
272260
274024
275764
277538
279308
281095
282872
284661
286450
288231
289968
291711
293450
295233
296976
298782
300520
302264
304003
305740
307511
309401
311183
312962
314764
316553
318339
320083
321840
323597
325354
327107
328874
330623
332354
334130
335886
337670
339471
341457
343245
345023
346820
348648
350436
352217
353976
355740
357475
359227
360965
362716
364451
366188
367925
369691
371461
373240
375014
376804
378579
380359
382092
383821
385588
387319
389059
390803
392583
