9532
17478
26683
27310
27975
28625
30977
31738
32454
33154
33903
34488
35218
35972
36678
37386
38096
38743
39354
40012
40734
41441
42152
42856
43558
44275
44997
45621
46336
47036
47755
48457
49164
49903
50608
51277
51980
52684
53386
54087
54813
55554
56258
57724
58445
59019
59729
60430
61135
61839
62549
63448
64454
65581
66680
67832
68981
70085
71186
72333
73227
74351
75462
76572
77724
78835
79945
81081
82626
83677
84668
85659
86656
87716
88721
89729
90728
91767
92774
93762
94753
95797
96801
97805
98808
99866
100846
101829
102786
103835
104749
106550
107556
108568
109651
110641
111628
112611
113415
114410
115383
116371
117359
118346
119334
120118
121139
122135
123133
124160
125158
126152
126930
127970
129773
130774
131762
132562
133591
134581
135358
136368
137361
138357
139354
140200
141203
142183
142953
143994
144988
145986
146984
148036
149005
150016
150821
152633
153674
154671
155669
156660
157682
158677
159511
160515
161556
162557
163540
164535
165556
166483
167455
168464
169502
170516
171536
172559
173620
175433
176249
177282
178374
179439
180460
181321
182404
183428
184254
185312
186398
187421
188433
189486
190495
191549
192361
193418
194427
195518
196609
197642
199386
200438
201273
202208
203199
204226
205201
206177
207164
208213
209087
210075
211020
212047
213037
214024
215021
216069
10495
19939
29241
29948
30556
31257
33195
33930
34641
35353
36101
36810
37520
38276
38826
39535
40286
40844
41592
42343
43057
43769
44330
45049
45751
46497
47204
47918
48626
49330
49905
50605
51264
51952
52656
53369
54075
54781
55347
56051
56765
57468
58177
60052
60775
61451
62164
62897
63613
64315
65023
66174
67287
68391
69311
70476
71547
72658
73764
74913
76034
77144
78104
79232
80380
81495
82610
83716
85686
86715
87591
88589
89588
90617
91641
92643
93633
94692
95531
96532
97522
98560
99550
100570
101569
102511
103520
104517
105504
106530
107518
109305
110294
111099
112018
113006
114006
114993
115980
116968
117957
118954
119963
120951
121941
123040
124031
125029
126032
127019
128018
129011
130009
131000
132724
133724
134715
135602
136642
137645
138636
139640
140678
141673
142666
143660
144713
145703
146683
147661
148704
149737
150732
151539
152564
153547
154538
156297
157296
158350
159348
160181
161183
162214
163200
164199
165198
166241
167226
168056
168961
169957
170966
171974
172976
173990
175004
175898
176951
178814
179834
180851
181898
182928
183950
184930
186024
186984
188007
189047
190096
191113
192160
193217
194141
195172
196262
197313
198331
199338
200457
201424
203182
204156
205176
206249
207240
208229
209219
210200
211198
212174
213163
214191
215158
216147
217136
217952
218957
219946
9796
18554
27806
28488
29138
29824
31678
32417
33127
33843
34558
35264
35980
36690
37321
38042
38788
39469
40181
40956
41655
42368
43112
43829
44530
45278
45981
46700
47367
48078
48681
49418
50072
50767
51463
52188
52892
53502
54141
54855
55560
56269
56988
58893
59625
60240
60978
61681
62390
63094
63803
64844
65961
66852
67967
69114
70025
71147
72257
73411
74522
75424
76534
77663
78816
79932
81004
82117
84077
84908
85918
86911
87904
88941
89939
90932
91935
92799
93807
94796
95800
96832
97822
98810
99834
100853
101761
102752
103740
104764
105753
107543
108534
109563
110375
111372
112373
113394
114384
115368
116356
117382
118219
119216
120204
121065
122064
123054
124043
125073
125878
126874
127871
128907
130744
131737
132735
133706
134536
135531
136522
137573
138577
139582
140583
141447
142257
143248
144226
145246
146250
147247
148244
149282
150338
151327
152308
154101
155143
156142
157139
158115
159144
160137
161119
161981
163030
164031
165008
165992
166826
167825
168826
169828
170855
171871
172823
173847
174681
176505
177521
178529
179629
180682
181702
182532
183412
184440
185455
186497
187581
188602
189620
190679
191501
192550
193575
194614
195666
196673
197732
198554
200406
201450
202435
203503
204495
205537
206513
207497
208494
209507
210505
211493
212413
213437
214426
215396
216406
217432
8394
17230
26569
27269
27972
28639
30648
31368
31926
32644
33352
34064
34779
35488
36194
36895
37466
38191
38905
39619
40368
40899
41598
42340
42880
43592
44339
45014
45741
46482
47191
47900
48451
49142
49879
50641
51377
52083
52852
53551
54199
54913
55617
57483
58225
58928
59631
60338
61020
61734
62446
63561
64722
65827
66928
68032
69075
70203
71299
72418
73521
74683
75785
76894
77828
79001
80107
81136
83057
84054
85093
86100
86936
87948
88984
89982
90986
91975
93005
93953
94800
95831
96860
97849
98853
99878
100789
101775
102691
103699
104729
106560
107552
108539
109528
110555
111470
112478
113475
114502
115492
116481
117478
118453
119289
120299
121296
122315
123308
124308
125307
126338
127346
128349
130140
131142
132216
133227
134214
135205
136190
137191
138183
139184
140206
141203
142205
143091
143924
144918
145911
146946
147955
148952
149969
150983
151799
153525
154532
155530
156567
157549
158531
159476
160310
161332
162345
163258
164244
165226
166211
167156
168164
169186
170186
171201
172226
173251
174265
176065
177122
178160
179202
180254
181276
182336
183398
184411
185302
186399
187442
188461
189481
190577
191597
192607
193497
194543
195558
196574
197648
198706
200526
201532
202539
203347
204373
205332
206335
207312
208326
209303
210292
211163
212170
213157
214070
215100
216107
217094
10177
17361
26631
27313
28023
28742
31089
31886
32604
33328
34083
34787
35497
36282
36996
37697
38406
39116
39824
40540
41248
41948
42652
43372
43972
44666
45373
46095
46802
47512
48235
48941
49533
50278
50980
51664
52364
53068
53785
54372
55102
55783
56498
58380
59109
59819
60527
61120
61884
62494
63202
64342
65440
66542
67643
68779
69947
71051
72165
73300
74446
75557
76665
77551
78726
79877
80990
82102
84036
85025
86058
86926
87934
88926
89971
90964
91962
92950
93955
94794
95801
96800
97808
98796
99819
100801
101786
102681
103688
104720
105730
107529
108519
109506
110534
111341
112335
113322
114203
115194
116182
117168
118200
119008
120017
121004
122061
123060
124051
125016
126048
126852
127857
128859
130682
131676
132673
133672
134624
135399
136404
137337
138380
139374
140376
141377
142414
143332
144353
145313
146364
147385
148395
149403
150454
151357
152346
154019
154821
155818
156816
157798
158782
159582
160584
161598
162640
163640
164624
165498
166522
167324
168336
169336
170380
171405
172428
173451
174477
175941
176975
177989
179052
180154
181173
182192
183254
184075
185105
186110
187161
188221
189138
190200
191220
192143
193168
194209
195208
196258
197308
198316
200103
200996
202048
203040
204029
205095
206116
207094
208070
209054
210089
211032
212021
213010
214035
215023
215778
216553
10036
18368
26920
27608
28317
29022
31320
32052
32762
33475
34066
34789
35500
36207
36914
37616
38336
39046
39636
40359
41057
41820
42521
43248
43993
44704
45342
46118
46825
47540
48289
48996
49736
50411
51073
51762
52414
53131
53812
54514
55226
55931
56637
58570
59277
59997
60701
61411
62115
62815
63525
64629
65636
66758
67895
68998
70140
71250
72398
73511
74454
75581
76704
77888
78996
80107
81214
82366
83976
84817
85818
86693
87691
88681
89678
90669
91474
92485
93473
94493
95639
96630
97618
98617
99604
100591
101577
102602
103588
104576
105577
107410
108371
109369
110358
111347
112388
113376
114373
115362
116201
117106
118112
119100
120129
121152
122154
123157
124212
125112
126119
127109
128141
129132
130916
131917
132915
133819
134830
135834
136755
137789
138687
139688
140692
141500
142505
143526
144556
145548
146542
147546
148590
149417
150421
151401
152422
154213
155221
156168
157166
158091
159095
160087
161072
162112
163122
164122
165119
166021
167018
168015
169015
170057
171058
172075
173098
173952
174972
176783
177782
178797
179888
180943
181966
182986
184089
185112
186165
187428
188515
189536
190564
191597
192627
193639
194649
195687
196706
197727
198776
199624
201356
202429
203435
204426
205417
206446
207424
208361
209336
210350
211340
212327
213299
214337
215327
216132
217118
218178
10506
19343
28608
29308
29999
30741
33075
33794
34500
35195
35916
36622
37333
38038
38784
39487
40252
40976
41722
42466
43180
43889
44640
45350
46052
46641
47356
48061
48766
49470
50159
50875
51579
52224
52868
53577
54282
54984
55683
56385
57101
57763
58488
60369
61098
61802
62514
63219
63921
64514
65142
66317
67428
68534
69628
70699
71816
72923
74002
75134
76272
77378
78435
79550
80703
81814
82876
84000
85926
86916
87974
88965
89958
90951
91754
92756
93756
94790
95779
96768
97767
98796
99641
100625
101611
102637
103635
104533
105529
106484
107301
109105
110095
111082
112127
113113
114113
115101
115942
116824
117819
118847
119713
120702
121651
122687
123677
124493
125498
126384
127372
128371
129362
130393
132218
133068
134089
135114
136147
137141
138130
139099
140129
141065
142075
143068
144112
145092
146072
147029
148021
148842
149895
150925
151865
152856
153838
155631
156553
157364
158368
159351
160377
161371
162365
163365
164406
165415
166420
167201
168226
169211
170222
171223
172262
173087
174119
175132
176188
178001
179019
180042
181042
181890
182916
183928
184991
186013
187035
188079
189123
190024
190986
192037
193046
194057
195106
196144
197152
198039
199096
200138
201879
202926
203934
204925
205915
206917
207903
208807
209783
210800
211790
212778
213766
214669
215667
216655
217533
218562
10482
19833
28819
29453
30151
30830
33180
33823
34423
35131
35849
36561
37271
37991
38695
39385
40104
40814
41518
42270
42972
43685
44428
45167
45892
46630
47370
48086
48789
49490
50175
50758
51464
52100
52800
53516
54222
54929
55638
56285
57012
57718
58422
60305
61029
61727
62428
63044
63773
64454
65184
66343
67463
68577
69602
70568
71681
72793
73898
75057
76207
77318
78248
79395
80543
81648
82763
83871
85844
86812
87767
88767
89766
90844
91834
92823
93812
94839
95815
96824
97812
98841
99867
100849
101835
102858
103696
104690
105685
106676
107687
109482
110472
111459
112326
113334
114322
115311
116396
117400
118388
119375
120292
121302
122291
123290
124326
125317
126305
127296
128286
129295
130283
131277
133109
134102
135099
136093
136996
138005
138958
139955
140993
141987
142980
143973
144800
145819
146807
147791
148836
149870
150859
151852
152800
153789
154770
156515
157546
158587
159585
160567
161446
162491
163475
164429
165429
166468
167452
168451
169376
170418
171417
172419
173436
174496
175509
176532
177474
179340
180412
181435
182486
183538
184598
185612
186680
187577
188652
189702
190752
191784
192831
193885
194908
195925
196985
198024
199046
200101
201162
202208
203969
204804
205809
206839
207841
208840
209818
210817
211816
212679
213688
214722
215712
216700
217689
218716
219714
220712
10459
19887
29109
29817
30540
31252
33457
34179
34886
35593
36310
37021
37613
38327
39039
39740
40462
41182
41889
42593
43255
43988
44689
45410
46153
46861
47569
48353
48957
49700
50374
51081
51802
52522
53225
53938
54528
55236
55936
56636
57351
58059
58764
60690
61306
62015
62729
63402
64105
64820
65545
66668
67746
68869
69970
71087
72205
73315
74466
75577
76642
77767
78916
80023
81176
82293
83402
84528
86234
87245
88239
89232
90261
91269
92266
93276
94131
95042
96071
97058
98090
99080
100101
101077
102101
102950
103959
104976
105925
106935
107932
109725
110777
111582
112578
113567
114506
115496
116495
117494
118525
119305
120304
121295
122328
123328
124320
125330
126382
127336
128363
129355
130396
131396
133176
134177
135183
136129
137080
138080
139079
140114
141106
142099
143093
143901
144912
145901
146881
147870
148859
149891
150884
151707
152694
153636
154525
156316
157276
158284
159282
160114
161118
162103
163087
164140
165140
166152
167136
167939
168942
169927
170937
171955
172975
173990
174844
175666
176696
178513
179531
180591
181645
182692
183708
184630
185703
186715
187729
188818
189856
190879
191889
192814
193841
194862
195860
196934
197944
198951
200036
200829
202620
203630
204507
205548
206572
207565
208553
209321
210347
211324
212313
213300
214325
215314
216134
216912
217916
218904
10543
19419
26977
27747
28364
29122
31367
32221
32972
33691
34406
35165
35833
36596
37309
38055
38761
39480
40196
40961
41658
42387
43088
43898
44598
45355
46106
46732
47444
48178
48888
49679
50416
51093
51833
52545
53254
53955
54703
55407
56114
56818
57436
59328
60105
60807
61557
62152
62896
63605
64241
65362
66490
67595
68742
69849
71016
72169
73206
74335
75480
76633
77824
78933
80097
81209
82311
83326
85287
86287
87338
88374
89375
90374
91365
92412
93416
94407
95458
96486
97488
98479
99354
100438
101407
102453
103451
104533
105521
106551
107438
109317
110354
111384
112373
113398
114418
115452
116447
117495
118520
119506
120494
121484
122519
123553
124356
125404
126439
127471
128469
129515
130551
131593
133005
133965
134961
136046
136899
137960
138825
139917
140912
141927
142951
143981
144975
145953
146931
148027
149020
150014
151051
152083
153106
154230
155166
156976
158052
158933
159989
160995
162062
163045
164092
165113
166193
167199
168190
169176
170245
171229
172232
173246
174336
175196
176266
177292
178424
180281
181339
182360
183403
184289
185270
186292
187397
188400
189475
190525
191645
192654
193509
194579
195593
196603
197611
198661
199704
200744
201850
202770
204523
205572
206551
207588
208579
209611
210587
211458
212456
213472
214497
215529
216516
217545
218534
219374
220382
221413
9243
17536
25781
26463
27208
27895
29709
30394
31155
31866
32571
33332
34041
34751
35496
36087
36835
37571
38321
39046
39747
40460
41174
41764
42484
43199
43912
44635
45340
46047
46756
47456
48153
48849
49548
50230
50927
51627
52330
53064
53774
54478
55258
57198
57928
58588
59344
59961
60664
61400
62111
63221
64322
65418
66531
67639
68755
69894
70996
72106
73220
74123
75284
76389
77492
78600
79755
80714
82401
83206
84203
85237
86230
87221
88212
89249
90139
90953
91960
93006
93998
94988
95978
97019
98019
98833
99779
100721
101707
102689
103711
105539
106529
107512
108299
109339
110244
111232
112220
113243
114232
115221
116136
117168
118162
119149
120137
121354
122348
123346
124336
125326
126329
127323
129111
130110
131124
132124
133112
133945
134897
135887
136881
137877
138873
139867
140871
141737
142537
143535
144527
145565
146563
147570
148553
149583
150615
152363
153362
154360
155399
156391
157374
158282
159325
160325
161329
162356
163411
164397
165380
166287
167347
168347
169348
170360
171388
172403
173418
174984
176013
177077
178122
179169
180223
181259
182316
183083
184107
185188
185968
186978
187988
189088
190107
190884
191932
193008
194018
195025
196075
197130
198887
199678
200673
201676
202665
203673
204651
205665
206640
207439
208435
209463
210448
211436
212384
213429
214417
215291
10474
19652
28054
28804
29509
30247
32396
33112
33816
34507
35226
35942
36648
37359
38072
38776
39477
40105
40823
41515
42234
42953
43654
44424
45124
45747
46501
47205
47924
48668
49382
50118
50874
51443
52152
52884
53601
54304
55004
55707
56416
57004
57727
59615
60342
61048
61753
62407
63110
63695
64423
65526
66676
67781
68876
69982
71120
72131
73248
74358
75464
76619
77735
78846
79960
80961
82085
83083
85014
86057
87129
88117
89069
89882
90935
91933
92898
93901
94930
95931
96940
97913
98964
100000
100995
101984
102946
103896
104882
105686
106734
108565
109555
110543
111543
112573
113488
114295
115284
116272
117259
118248
119236
120064
121052
121889
122937
123807
124794
125782
126842
127832
128829
129827
131658
132688
133657
134650
135639
136672
137633
138605
139618
140647
141651
142646
143652
144631
145621
146449
147463
148523
149520
150578
151557
152578
153522
155142
156150
157149
158147
159130
160113
161131
162075
163093
164092
164949
165933
166930
167915
168952
169899
170924
171802
172863
173896
174919
175930
177785
178634
179668
180716
181769
182833
183858
184914
185788
186655
187710
188763
189642
190695
191757
192767
193776
194799
195759
196776
197806
198920
199975
201717
202725
203741
204611
205609
206546
207545
208565
209540
210516
211508
212492
213501
214488
215481
216512
217515
218502
10418
19792
29059
29765
30459
31155
32967
33623
34335
35046
35757
36465
37175
37883
38472
39208
39918
40669
41383
42083
42826
43541
44133
44891
45592
46297
47048
47761
48464
49164
49913
50610
51313
51996
52898
53612
54316
55017
55649
56356
57066
57773
58515
60391
61113
61811
62425
63138
63844
64608
65322
66425
67527
68635
69520
70632
71772
72922
74062
75170
76279
77450
78343
79478
80594
81710
82870
83836
85773
86770
87598
88664
89663
90668
91656
92637
93520
94509
95323
96350
97339
98329
99328
100363
101350
102338
103115
104103
105091
106089
107112
108934
109924
110912
111824
112869
113805
114793
115781
116811
117800
118789
119705
120700
121696
122693
123692
124731
125742
126743
127744
128585
129593
130595
132384
133384
134279
135284
136283
137118
138070
139069
140069
141053
142056
143051
144044
144852
145652
146652
147644
148683
149728
150713
151691
152713
153515
155270
156281
157314
158311
159294
160278
161297
162301
163301
164299
165268
166262
167248
168233
169276
170246
171267
172270
173319
174343
175366
176378
178199
179216
180250
181292
182345
183360
184381
185443
186493
187328
188384
189316
190326
191347
192398
193417
194436
195200
196256
197264
198283
199376
200419
202160
203167
203959
204980
205969
206767
207745
208765
209741
210718
211669
212718
213716
214713
215845
216878
217867
218863
9852
17772
27023
27724
28404
29129
31479
32194
32906
33542
34250
34960
35668
36422
37129
37840
38587
39226
39937
40671
41384
42171
42909
43628
44333
44965
45692
46419
47136
47841
48549
49267
50003
50626
51361
52071
52704
53408
54106
54807
55517
56151
56876
58764
59498
60210
60913
61617
62323
62992
63722
64890
65996
67101
68205
69309
70459
71565
72681
73742
74898
76012
77113
78222
79345
80494
81601
82715
84378
85389
86419
87410
88401
89396
90433
91435
92322
93320
94271
95260
96251
97266
98267
99263
100179
101215
102201
103186
104187
105188
106175
107962
108770
109775
110811
111799
112787
113776
114706
115696
116499
117507
118566
119557
120554
121541
122517
123506
124418
125415
126453
127442
128440
129435
131260
132250
133209
134208
135137
136135
137125
138120
139178
140215
141214
142220
143214
144142
145121
146101
147133
148141
149107
150160
151175
152166
153149
154826
155821
156860
157704
158707
159690
160765
161761
162761
163760
164761
165564
166564
167550
168586
169585
170586
171576
172636
173460
174488
175291
177136
178153
179169
180251
181296
182327
183362
184416
185333
186385
187425
188469
189389
190405
191473
192492
193513
194566
195574
196553
197443
198558
199566
201385
202392
203416
204473
205282
206077
206883
207867
208844
209820
210851
211840
212646
213655
214696
215686
216697
217688
10419
18798
28087
28791
29476
30064
32436
33153
33766
34532
35239
35953
36662
37240
37961
38675
39425
40138
40854
41609
42312
42916
43704
44385
45129
45860
46579
47294
48001
48612
49339
50078
50793
51478
52055
52762
53443
54035
54711
55413
56125
56830
57536
59406
60125
60791
61516
62221
62923
63639
64353
65493
66600
67614
68719
69705
70810
71918
73030
74195
75182
76087
77200
78308
79460
80575
81685
82799
84765
85814
86719
87707
88735
89769
90761
91748
92748
93585
94515
95504
96512
97548
98538
99526
100394
101427
102414
103394
104391
105436
106435
108222
109028
110073
111061
112047
113035
114062
114924
115911
116826
117888
118877
119863
120879
121912
122900
123890
124895
125885
126878
127867
128859
129890
131716
132706
133512
134539
135475
136474
137463
138358
139384
140377
141187
142199
143203
144202
145192
146174
147165
148180
149007
150086
151075
152064
153046
154837
155763
156759
157570
158559
159580
160564
161549
162549
163590
164589
165392
166388
167407
168392
169391
170392
171431
172450
173447
174471
175554
177403
178421
179439
180484
181572
182550
183602
184665
185723
186738
187780
188832
189900
190871
191944
192953
194027
195038
196078
197042
198035
198838
199894
201641
202662
203710
204702
205692
206522
207294
208266
209243
210227
211216
212204
213192
214178
214957
215966
216901
217929
9861
18250
27504
28200
28931
29625
31952
32707
33404
34166
34787
35526
36277
36925
37647
38389
39114
39825
40592
41317
42027
42661
43386
44017
44731
45450
46169
46873
47586
48212
48941
49676
50369
51051
51754
52465
53169
53779
54472
55173
55893
56599
57301
59237
59967
60579
61303
62069
62770
63470
64226
65180
66190
67083
68237
69342
70450
71557
72720
73830
74948
75921
77040
78191
79295
80404
81511
82653
84622
85554
86567
87471
88509
89517
90508
91496
92532
93541
94544
95532
96569
97561
98550
99537
100505
101493
102481
103467
104544
105528
106527
108317
109122
110186
111174
112170
113159
114203
115191
116188
117016
118085
119075
120072
121060
121889
122876
123780
124810
125809
126806
127794
128830
129820
131620
132620
133617
134606
135621
136619
137607
138640
139605
140608
141612
142605
143631
144619
145612
146796
147800
148795
149827
150659
151645
152625
153603
155396
156432
157384
158391
159223
160278
161271
162255
163256
164291
165289
166273
167113
168150
169145
170154
171177
172226
173205
174169
175064
176139
177951
178967
179983
181033
182119
183135
184029
185122
186185
187208
188254
189302
190358
191380
192427
193449
194489
195516
196556
197534
198591
199676
200519
202264
203294
204342
205334
206324
207312
208325
209182
210168
211144
212169
213167
214154
215142
216186
216991
217998
218985
9830
18155
27416
28124
28830
29546
31354
32112
32822
33540
34274
35020
35779
36485
37071
37829
38549
39266
40016
40738
41436
42194
42793
43519
44263
44966
45670
46384
47096
47798
48404
49128
49878
50559
51260
51971
52658
53374
54091
54750
55461
56190
56892
58815
59524
60236
60941
61605
62328
63033
63786
64923
66028
67130
68277
69377
70516
71630
72732
73881
74849
75963
77074
77999
79119
80237
81347
82500
84471
85327
86324
87128
88153
89147
90144
91141
92178
93178
94208
95014
95926
96931
97919
98920
99978
100976
101963
102766
103799
104705
105715
107542
108532
109530
110519
111323
112359
113349
114348
115336
116235
117224
118212
119019
120068
121059
121931
122921
123950
124942
125929
126913
127961
128954
130731
131731
132721
133767
134767
135702
136717
137749
138745
139817
140813
141897
142903
143700
144700
145742
146750
147741
148771
149850
150825
151625
152613
154404
155402
156424
157305
158329
159313
160117
161123
162161
163163
164161
165144
166192
167178
167974
168994
170034
171037
172051
173067
173940
174955
176394
177337
178386
179428
180478
181499
182590
183653
184546
185587
186671
187774
188794
189811
190873
191928
192819
193850
194892
195943
196964
197980
198984
200801
201869
202884
203876
204866
205896
206900
207645
208621
209367
210359
211347
212376
213365
214353
215341
216380
217131
10120
19379
28634
29253
30002
30715
33007
33587
34316
35028
35673
36398
37105
37817
38523
39209
39946
40662
41366
42080
42783
43494
44218
44907
45671
46292
47008
47764
48465
49164
49943
50578
51282
52003
52702
53425
54132
54837
55538
56169
56876
57585
58290
60210
60936
61640
62345
62934
63656
64359
65070
66176
67281
68422
69350
70472
71441
72549
73696
74807
75914
77024
77984
79107
80215
81319
82466
83645
85625
86569
87521
88471
89464
90453
91451
92440
93429
94418
95374
96401
97350
98340
99328
100384
101369
102356
103191
104212
105202
106189
107203
109030
110062
111051
111925
112935
113991
114981
115968
116966
117993
118982
119854
120861
121911
122911
123910
124897
125933
126925
127730
128736
129773
130765
132553
133585
134584
135652
136459
137339
138281
139272
140275
141278
142323
143317
144193
145211
146231
147223
148216
149231
150296
151290
152154
153142
154161
155958
156957
157948
158954
159979
160847
161850
162799
163839
164838
165838
166822
167849
168794
169795
170793
171840
172850
173872
174896
175961
176886
178715
179715
180733
181826
182879
183921
184962
185858
186838
187859
188762
189841
190862
191871
192799
193652
194679
195689
196729
197789
198806
199729
200726
202153
203165
204172
205163
206198
207168
208145
209122
210078
210977
211975
212975
213998
214997
215986
216985
218012
218885
8038
15924
25172
25761
26466
27169
29470
30187
30833
31563
32267
32979
33728
34456
35162
35907
36565
37145
37892
38600
39307
40073
40785
41507
42123
42851
43564
44278
45006
45705
46415
47122
47712
48417
49121
49874
50571
51277
51977
52675
53280
53991
54698
56619
57335
58036
58751
59413
60119
60818
61545
62658
63772
64873
66015
67025
68159
69264
70417
71577
72694
73798
74907
75866
76861
77970
79073
80228
82246
83237
84041
85049
86083
87018
88014
89003
89964
90963
91767
92774
93805
94836
95838
96827
97673
98663
99496
100529
101516
102503
103490
105299
106341
107259
108066
109060
110098
111107
112095
113084
114113
115100
116011
117006
117921
118911
119899
120889
121930
122929
123855
124868
125897
126891
128679
129670
130667
131657
132669
133667
134665
135698
136700
137705
138677
139521
140533
141343
142371
143376
144370
145374
146408
147231
148224
149202
150263
152056
153055
154054
155060
155890
156881
157873
158653
159697
160698
161697
162680
163485
164489
165472
166514
167514
168515
169491
170519
171465
172497
174311
175338
176414
177456
178499
179389
180178
181249
182270
183284
184367
185419
186431
187449
188270
189299
190307
191328
192436
193212
194229
195278
196045
197847
198870
199900
200886
201914
202904
203879
204601
205583
206558
207546
208557
209546
210309
211297
212048
213037
214034
10151
19485
26394
27106
27782
28536
30893
31612
32325
32939
33663
34379
35098
35818
36525
37235
37943
38517
39237
39942
40489
41198
41842
42545
43246
43936
44664
45379
46095
46797
47506
48215
48919
49593
50322
50940
51654
52358
53059
53757
54517
55180
55882
57811
58579
59344
60048
60797
61466
62100
62862
63968
65081
66189
67326
68432
69575
70505
71630
72782
73890
74996
76040
77185
78286
79213
80337
81452
83426
84503
85504
86496
87493
88330
89340
90349
91348
92380
93381
94295
95328
96206
97212
98199
99240
100264
101261
102247
103283
104171
105179
106967
107956
108985
109974
110963
111878
112941
113942
114930
115917
116948
117937
118935
119922
120961
121795
122802
123803
124838
125837
126835
127834
128817
130357
131364
132346
133361
134361
135361
136361
137375
138299
139302
140297
141300
142351
143330
144322
145302
146240
147257
148253
149291
150309
151286
152267
154041
154969
155984
156981
157964
158990
159973
160957
161958
162876
163868
164863
165848
166885
167873
168884
169888
170939
171760
172815
173841
174905
176782
177799
178822
179866
180776
181796
182822
183857
184920
185941
187012
188058
189124
190147
191208
192228
193338
194361
195401
196412
197279
198272
199291
201075
202111
203156
204149
205091
206081
206908
207886
208863
209840
210873
211863
212852
213861
214700
215605
216610
217610
9988
19713
28522
29231
29910
30599
32961
33723
34438
35159
35886
36598
37309
37905
38629
39336
40045
40756
41445
42162
42876
43449
44172
44879
45621
46327
47029
47735
48438
49021
49787
50495
51196
51891
52594
53305
54008
54619
55327
56027
56743
57482
58184
60054
60700
61288
62009
62715
63474
64177
64890
66040
67145
68043
69150
70291
71398
72697
73801
74910
76065
77102
78166
79285
80401
81582
82834
83946
85873
86866
87735
88744
89742
90740
91778
92704
93690
94679
95677
96679
97668
98658
99728
100705
101666
102653
103494
104406
105412
106399
107387
109173
110163
111151
112175
113174
114176
115163
116193
117182
118170
119158
120151
121053
122079
123077
123950
124938
125928
126927
127967
128742
129742
130742
132566
133771
134770
135760
136762
137747
138758
139750
140741
141776
142779
143772
144767
145702
146703
147646
148640
149704
150563
151566
152546
153358
154348
156097
157097
158134
159132
160116
161100
161929
162921
163921
164758
165800
166784
167769
168755
169597
170616
171621
172627
173689
174703
175718
176742
178201
179229
180253
181297
182355
183401
184413
185465
186358
187388
188438
189479
190499
191551
192645
193655
194546
195615
196655
197665
198670
199789
200791
202532
203398
204401
205391
206396
207385
208371
209347
210324
211092
212141
213131
214123
215049
216054
217055
218043
218793
9881
19185
28317
29018
29719
30377
32724
33371
34097
34824
35586
36288
36996
37756
38502
39191
39919
40639
41280
41994
42671
43379
44091
44778
45513
46218
46935
47641
48357
49037
49802
50458
51156
51766
52467
53229
53941
54658
55401
56110
56821
57568
58283
60284
61015
61756
62436
63025
63748
64470
65182
66291
67436
68543
69638
70573
71743
72745
73848
74960
76112
77276
78377
79299
80426
81585
82493
83592
85519
86511
87560
88426
89431
90423
91480
92569
93568
94484
95517
96419
97449
98452
99484
100479
101463
102450
103369
104217
105223
106212
107243
109028
110027
111015
111923
112887
113814
114802
115833
116822
117810
118806
119849
120840
121713
122722
123781
124781
125790
126783
127815
128769
129606
130606
132435
133468
134462
135453
136451
137534
138372
139385
140379
141419
142413
143407
144306
145332
146135
147065
148068
149064
150095
151098
152090
153069
154050
155693
156701
157740
158737
159720
160703
161724
162709
163603
164563
165616
166600
167606
168592
169616
170615
171615
172574
173646
174667
175681
176704
178546
179615
180637
181596
182525
183598
184633
185702
186724
187772
188817
189860
190692
191771
192824
193845
194865
195909
196969
197989
198893
200029
201046
202786
203795
204676
205714
206722
207530
208514
209535
210523
211500
212489
213519
214508
215387
216358
217408
218398
219386
10272
19463
28525
29255
29858
30460
32753
33476
34191
34901
35611
36363
37006
37737
38494
39193
39899
40644
41264
41843
42459
43176
43878
44643
45356
46060
46815
47532
48142
48891
49633
50332
51044
51697
52396
53105
53697
54427
55128
55826
56535
57238
57943
59819
60410
61133
61841
62547
63251
63957
64685
65803
66954
68084
69197
70301
71407
72503
73609
74721
75788
76865
77976
79086
80231
81345
82404
83514
85034
86045
87079
88077
89077
90076
91113
91960
92777
93787
94761
95750
96753
97752
98783
99816
100616
101611
102526
103515
104501
105488
106526
108313
109261
110066
111111
112037
113026
114015
115042
116030
117018
117823
118864
119864
120862
121851
122779
123789
124779
125738
126803
127795
128657
129651
131477
132492
133490
134446
135458
136485
137482
138482
139484
140521
141514
142335
143305
144284
145262
146246
147240
148240
149235
150116
151139
152120
153099
154884
155882
156917
157913
158715
159708
160732
161717
162724
163533
164570
165565
166380
167384
168407
169405
170406
171405
172456
173472
174396
175429
177281
178306
179322
180383
181411
182457
183386
184441
185463
186517
187563
188607
189626
190714
191642
192675
193695
194743
195795
196804
197812
198913
199731
201388
202395
203400
204467
205478
206467
207443
208185
209180
210156
211195
212184
213171
213930
214965
215712
216713
217701
9845
19442
28592
29325
30028
30638
32994
33774
34490
35204
35925
36637
37347
37905
38629
39325
40031
40741
41317
42021
42577
43148
43793
44521
45267
45969
46680
47379
48101
48804
49426
50181
50882
51529
52239
52955
53632
54343
54911
55633
56343
57048
57752
59575
60303
61016
61654
62378
63090
63793
64505
65647
66749
67856
68820
69985
71093
72205
73316
74431
75590
76695
77745
78866
80031
81148
82260
83359
85289
86293
87200
88200
89205
90203
91194
92209
93208
94213
95031
96030
97019
98055
99045
100066
101061
102090
102933
103805
104791
105817
106806
108593
109582
110571
111613
112450
113456
114444
115509
116499
117486
118474
119504
120377
121387
122376
123411
124409
125397
126396
127429
128427
129428
130420
132245
133235
134234
135222
136242
137154
138154
139152
140145
141146
142140
143145
144140
144998
145998
146988
148032
149044
150074
151078
152097
153013
154002
155661
156661
157714
158720
159703
160688
161518
162510
163511
164462
165509
166501
167487
168472
169300
170320
171321
172331
173390
174412
175323
176346
178012
179047
180070
181132
182186
183207
184220
185311
186194
187228
188278
189328
190347
191400
192452
193471
194455
195381
196429
197436
198442
199551
200623
202378
203386
204396
205451
206452
207441
208418
209434
210411
211350
212354
213383
214372
215415
216412
217439
218428
219233
7738
17052
26274
26944
27693
28407
30723
31364
32071
32661
33388
34091
34801
35516
36223
36930
37645
38241
38964
39679
40385
41113
41827
42509
43260
43925
44658
45403
46108
46808
47570
48278
48983
49657
50430
51135
51843
52516
53217
53918
54545
55268
55972
57910
58638
59335
59984
60688
61280
62003
62656
63763
64881
66026
67127
68243
69137
70267
71422
72401
73507
74623
75769
76876
77893
79004
80120
81270
83332
84324
85315
86304
87106
88112
89108
90099
91096
92126
93125
94042
94856
95657
96684
97709
98713
99737
100714
101733
102721
103526
104481
106311
107343
108331
109320
110317
111355
112359
113275
114273
115303
116292
117280
118280
119315
120304
121216
122244
123279
124282
125271
126262
127295
128288
129699
130613
131661
132654
133678
134701
135728
136718
137717
138525
139583
140582
141574
142563
143580
144561
145553
146370
147428
148437
149427
150443
151472
153264
154263
155201
156222
157256
158252
159235
160220
161275
162202
163082
164076
165061
166058
167042
168041
169050
170049
170985
172021
173045
174070
175996
177024
178040
179090
180062
181099
182124
183226
184248
185235
186277
187359
188250
189282
190339
191400
192424
193446
194447
195498
196309
197399
198412
200234
201290
202296
203289
204279
205116
206099
207076
208052
209029
210018
211006
211993
212950
213961
214957
215987
216988
10266
18279
27497
28191
28805
29526
31834
32557
33273
33986
34698
35408
36137
36857
37570
38271
39000
39709
40421
41122
41777
42512
43226
43936
44660
45408
46115
46859
47574
48307
49059
49799
50495
51214
51914
52626
53177
53713
54413
55179
55887
56592
57297
59205
59776
60496
61248
61899
62603
63304
64019
65128
66099
67248
68346
69447
70554
71665
72820
73931
75034
76150
77302
78409
79520
80637
81741
82894
84348
85356
86356
87392
88382
89371
90364
91403
92154
93156
94158
94922
95932
96935
97924
98965
99742
100730
101717
102743
103739
104727
105717
107546
108417
109412
110400
111428
112417
113407
114395
115457
116463
117300
118307
119337
120327
121315
122306
123348
124342
125106
126071
127159
128150
129152
130937
131939
132976
133813
134825
135818
136860
137854
138848
139850
140888
141659
142674
143662
144653
145636
146379
147438
148446
149211
150260
151278
152259
154019
155019
155980
157016
157959
158954
159936
160969
161970
162971
163928
164952
165944
166877
167861
168907
169920
170928
171950
173008
173933
174966
176784
177811
178866
179921
180973
181945
182872
183945
184965
185983
187116
188158
189180
190144
191197
192231
193241
194251
195333
196354
197152
198221
199168
200997
202004
203010
204000
205032
205984
206866
207670
208658
209673
210662
211665
212654
213641
214640
215514
216418
217407
10152
19875
28923
29621
30359
30963
33291
34025
34740
35491
36205
36910
37640
38369
39086
39796
40501
41204
41905
42607
43307
43990
44676
45390
46139
46846
47566
48313
49029
49770
50419
51131
51834
52519
53222
53931
54649
55320
55928
56637
57345
58082
58784
60713
61375
62074
62719
63439
64143
64840
65601
66710
67831
68937
70076
71201
72307
73417
74557
75621
76737
77846
78908
80021
81131
82250
83380
84530
86351
87352
88223
89231
90265
91259
92258
93257
94297
95297
96184
97146
98187
99188
100212
101198
102225
103214
104202
105046
106086
107075
108033
109820
110811
111811
112801
113678
114617
115622
116610
117597
118625
119616
120604
121602
122435
123435
124455
125452
126491
127487
128477
129465
130409
131364
133154
134144
135132
136166
137160
138137
139126
140109
141145
142137
143130
144166
145204
146196
147143
147986
148895
149935
150918
151970
152951
153932
154913
156701
157517
158520
159517
160551
161545
162527
163511
164559
165384
166266
167257
168286
169282
170267
171265
172306
173308
174134
175158
176221
177240
179122
180138
181121
182202
183072
184097
185111
186244
187260
188249
189319
190361
191382
192389
193449
194508
195518
196557
197605
198590
199651
200644
201649
203433
204481
205488
206480
207286
208317
209292
210269
211246
212263
213253
214241
215046
216074
217065
217917
218905
219852
9637
17856
26933
27533
28193
28898
31190
31870
32582
33298
34010
34783
35516
36244
36999
37702
38410
39157
39861
40450
41194
41916
42631
43338
44063
44771
45490
46120
46842
47545
48271
48979
49734
50414
51110
51782
52487
53191
53891
54831
55542
56247
56989
58469
59209
59912
60616
61359
62065
62807
63532
64425
65393
66505
67600
68704
69809
70961
72067
73144
74269
75328
76438
77545
78623
79731
80881
81768
83706
84707
85573
86571
87561
88559
89611
90416
91415
92405
93443
94449
95449
96436
97470
98476
99477
100476
101516
102503
103490
104478
105411
107152
108162
109171
110158
111185
112132
113121
114108
115137
116125
116900
117907
118945
119943
120932
121922
122955
123947
124753
125653
126644
127632
128633
130412
131441
132434
133184
134207
135247
136246
137247
138269
139327
140342
141305
142323
143340
144320
145300
146209
147276
148287
149252
150289
151306
152285
154037
155035
155955
156993
157833
158825
159808
160831
161832
162831
163820
164845
165745
166699
167683
168682
169682
170683
171700
172722
173618
174652
176415
177472
178487
179536
180588
181538
182393
183455
184478
185542
186592
187634
188653
189671
190559
191588
192598
193607
194647
195666
196645
197693
198523
200238
201243
202248
203278
204270
205258
206233
207251
208238
209228
210215
211249
212238
213225
214212
215241
216085
217004
9156
17508
26756
27419
28126
28879
31254
32012
32719
33447
34160
34797
35476
36107
36813
37512
38220
38927
39637
40264
40987
41703
42405
43120
43818
44566
45283
45899
46561
47213
47943
48645
49348
50068
50769
51487
52190
52795
53502
54202
54953
55661
56364
58283
59058
59717
60430
61188
61893
62597
63362
64470
65583
66694
67802
68946
70052
71157
72260
73421
74533
75641
76766
77879
79042
80154
81268
82377
84340
85373
86404
87395
88396
89427
90417
91407
92395
93310
94339
95370
96359
97415
98301
99297
100319
101171
102157
103144
104129
105158
106147
107936
108947
109754
110761
111749
112737
113726
114715
115705
116692
117503
118405
119403
120390
121419
122412
123412
124400
125431
126344
127354
128207
129236
131070
132072
133072
134066
134900
135927
136917
137814
138806
139806
140787
141805
142612
143608
144628
145646
146642
147640
148491
149361
150371
151345
152326
154119
155156
156154
157151
157923
158952
159945
160930
161930
162966
163965
164968
165743
166542
167525
168536
169578
170590
171604
172624
173446
174473
176277
177294
178341
179427
180480
181496
182429
183530
184497
185521
186570
187652
188672
189649
190539
191618
192642
193666
194747
195766
196772
197832
198653
200455
201497
202516
203515
204503
205529
206506
207488
208464
209471
210473
211458
212444
213469
214275
215271
216260
217281
10165
19335
28750
29418
30125
30829
32745
33472
34186
34892
35615
36328
37044
37668
38256
38974
39683
40396
41100
41804
42505
43229
43940
44665
45379
46081
46830
47534
48282
48983
49740
50484
51183
51870
52616
53328
54024
54739
55325
56034
56746
57373
58082
59966
60686
61398
61985
62692
63396
64101
64824
65926
67031
68138
69017
70183
71290
72401
73505
74646
75754
76870
77761
78857
79961
81072
82212
83317
85286
86329
87236
88242
89236
90275
91273
92273
93261
94299
95167
96174
97175
98204
99193
100216
101165
102203
103115
104099
105085
106073
107061
108849
109761
110797
111555
112547
113535
114578
115567
116555
117552
118593
119332
120316
121304
122339
123338
124332
125330
126355
127133
128126
128976
129990
131780
132775
133766
134815
135719
136716
137712
138749
139742
140730
141734
142765
143636
144628
145619
146638
147641
148636
149459
150525
151524
152523
153503
155291
156331
157330
158328
159241
160263
161245
162229
163229
164271
165272
166256
167180
168214
169200
170092
171092
172153
173194
174211
175036
176058
177878
178895
179915
181000
182063
183072
183891
184839
185853
186860
187905
188984
190004
191009
191927
192983
194572
195566
196600
197609
198657
199737
200606
202360
203366
204409
205422
206412
207401
208373
209371
210244
211221
212265
213254
214243
215245
216191
217193
218206
219194
8353
16272
25515
26193
26892
27607
29904
30623
31331
32045
32765
33398
34129
34845
35598
36352
37070
37814
38525
39113
39874
40587
41289
42029
42732
43441
44160
44748
45470
46170
46886
47598
48302
48997
49745
50399
51082
51785
52506
53207
53936
54648
55351
57054
57754
58465
59169
59871
60585
61286
62012
63121
64171
65271
66385
67492
68600
69740
70844
71955
73069
74226
75349
76455
77563
78715
79874
80961
82882
83796
84803
85842
86841
87840
88830
89865
90852
91704
92713
93740
94738
95748
96738
97763
98731
99542
100557
101583
102592
103578
104567
106392
107380
108218
109214
110238
111227
112215
113204
114230
115242
116247
117167
118213
119202
120204
121193
122218
123209
124213
125034
126082
127080
128080
129912
130903
131934
132936
133915
134913
135941
136933
137920
138761
139810
140648
141651
142630
143647
144641
145644
146593
147674
148487
149479
150484
151466
153254
154253
155246
156290
157092
158082
158962
159987
160988
161988
162987
164021
164800
165792
166776
167811
168822
169826
170838
171900
172798
173833
175646
176675
177732
178773
179680
180700
181641
182702
183723
184742
185850
186895
187905
188917
189969
190977
191986
193007
194088
195105
196111
197189
198040
199862
200804
201679
202663
203709
204696
205491
206474
207449
208426
209415
210403
211399
212387
213193
214235
215224
216212
10148
18524
26763
27483
28182
28886
31236
32016
32729
33441
34112
34832
35542
36295
37003
37711
38464
39148
39860
40576
41285
42004
42715
43431
44133
44839
45431
46159
46863
47562
48281
48989
49646
50319
50904
51616
52318
53024
53731
54432
55138
55726
56437
58320
59031
59728
60431
61147
61848
62453
63167
64301
65403
66529
67626
68767
69648
70542
71649
72798
73947
75061
76161
77270
78418
79313
80435
81537
83372
84439
85429
86418
87405
88210
89204
90215
91197
92235
93220
94210
95193
95970
96952
97941
98935
100117
101114
102097
103085
104108
105122
106904
107894
108876
109755
110736
111487
112521
113511
114514
115501
116527
117516
118501
119305
120356
121348
122336
123326
124377
125376
126366
127281
128337
130175
131175
132165
133157
134188
135181
136082
137085
138131
139144
140141
141134
142169
143160
144152
145135
146171
147169
148179
149190
150242
151221
152043
153804
154806
155804
156800
157782
158780
159763
160565
161493
162540
163540
164524
165510
166566
167552
168398
169422
170460
171473
172492
173510
174566
176418
177277
178316
179363
180457
181476
182482
183536
184591
185613
186665
187707
188747
189760
190822
191842
192852
193871
194924
195933
196950
198051
199060
200841
201850
202777
203777
204768
205758
206735
207712
208689
209664
210610
211612
212465
213461
214490
215479
216468
217455
10707
19869
29056
29780
30424
31156
33366
34093
34799
35513
36223
36922
37537
38254
39007
39586
40294
41054
41768
42479
43110
43832
44534
45293
46016
46733
47489
48182
48908
49646
50343
51055
51758
52456
53085
53794
54495
55197
55899
56596
57316
58014
58717
60586
61310
62007
62713
63420
64104
64816
65523
66629
67871
69027
70127
71233
72327
73500
74600
75708
76825
77954
79100
80198
81130
82235
83387
84423
86344
87334
88324
89353
90191
91200
92193
93232
94221
95219
96241
97290
98108
99136
100160
101199
102274
103264
104251
105281
106193
107198
108187
110018
111048
112037
113028
114015
114888
115888
116876
117864
118852
119740
120730
121692
122498
123504
124505
125551
126550
127550
128539
129565
130518
131368
132993
133984
135016
136016
136953
137942
138931
139737
140748
141728
142732
143735
144737
145777
146757
147557
148572
149646
150631
151624
152497
153518
154499
155885
156903
157901
158898
159881
160865
161848
162841
163769
164792
165807
166799
167785
168770
169792
170834
171760
172783
173842
174858
175881
176903
178728
179784
180604
181665
182569
183622
184636
185699
186753
187816
188659
189619
190645
191704
192756
193814
194825
195836
196882
197703
198722
199838
200840
202584
203513
204519
205566
206334
207342
208329
209356
210334
211310
212267
213295
214251
215258
216259
217283
218272
219260
10346
19637
28885
29639
30366
31077
33066
33809
34559
35268
35985
36688
37435
38152
38761
39483
40207
40931
41645
42360
43105
43828
44428
45154
45856
46560
47269
47978
48668
49372
50106
50816
51518
52241
52936
53645
54385
54974
55683
56421
57124
57829
58586
60224
60936
61520
62276
62979
63678
64448
65158
66203
67306
68306
69410
70515
71624
72784
73898
75005
76120
77113
78272
79396
80504
81605
82751
83860
85783
86666
87666
88695
89688
90685
91667
92698
93681
94469
95463
96501
97486
98476
99459
100220
101207
102188
103174
104193
105181
106162
107150
108976
109734
110631
111532
112570
113559
114555
115552
116592
117591
118589
119545
120596
121595
122594
123583
124615
125613
126602
127505
128547
129538
130530
132365
133363
134403
135367
136199
137207
138246
139246
140239
141203
142246
143239
144241
145233
146264
147252
148256
149253
150317
151311
152101
153088
154079
155826
156834
157833
158882
159865
160733
161730
162753
163752
164751
165751
166791
167778
168617
169621
170661
171661
172673
173706
174759
175777
176668
178498
179515
180586
181672
182711
183725
184782
185877
186902
187919
189000
190050
191064
192008
193071
193926
194977
196004
197083
198103
199121
200219
201225
202846
203862
204868
205870
206908
207920
208895
209872
210898
211888
212766
213754
214783
215772
216761
217748
218614
219623
8361
16759
24807
25520
26216
26906
29334
30057
30709
31459
32070
32793
33549
34265
34975
35723
36432
37135
37815
38497
39206
39973
40679
41382
42085
42792
43468
44194
44905
45608
46318
47023
47726
48321
49033
49785
50476
51177
51876
52576
53287
53992
54680
56600
57322
58023
58728
59468
60182
60884
61551
62677
63782
64909
66055
67162
68270
69383
70267
71436
72550
73666
74776
75922
77035
78148
79055
80062
82036
82968
83963
84958
86017
87026
88046
89045
90059
91058
92044
93040
94076
94953
95964
96952
97994
98984
100007
100993
102017
102999
103997
105779
106768
107798
108797
109780
110590
111616
112617
113600
114588
115614
116604
117553
118550
119495
120484
121469
122460
123493
124486
125484
126441
127481
129265
130264
131265
132296
133285
134274
135084
136066
137067
138064
139066
140118
141123
142119
143108
143936
144969
145977
146984
148063
149046
150073
151076
152707
153599
154605
155603
156585
157602
158587
159570
160569
161487
162497
163481
164466
165490
166487
167485
168485
169307
170201
171178
172236
173250
175061
176086
177102
178202
179123
180152
181068
182164
183177
184196
185244
186291
187312
188235
189298
190311
191323
192352
193343
194374
195380
196230
197258
199003
200096
201110
202008
203000
204030
205001
205999
206975
207992
208980
209967
210955
211981
212884
213887
214876
215906
10393
19788
29058
29749
30452
31192
33533
34270
34995
35705
36462
37166
37884
38660
39376
40060
40792
41512
42216
42934
43644
44355
45069
45674
46394
47098
47815
48518
49223
49959
50650
51269
51960
52646
53350
54059
54762
55470
56208
56796
57491
58243
58946
60848
61582
62333
63045
63706
64483
65187
65901
67047
68193
69225
70324
71339
72467
73580
74683
75793
76950
78069
79194
80171
81313
82254
83372
84478
86204
87204
88254
88999
89999
90993
91991
92980
93969
95000
96012
96925
97953
98985
100010
101008
101994
102779
103776
104696
105691
106748
107737
109525
110521
111520
112501
113374
114379
115368
116400
117399
118387
119376
120382
121258
122269
123176
124211
125201
126192
127190
128231
129186
130188
131188
133014
134048
135038
136036
137057
137973
138871
139881
140932
141947
142940
143884
144932
145922
146734
147733
148781
149825
150824
151817
152764
153744
154551
156130
157150
158185
159182
160165
161149
162131
163114
164017
165037
166035
167040
168026
169013
169997
171007
171976
172929
173958
174972
175992
177045
178906
179966
180988
181904
183008
184030
185056
186110
187122
188199
189248
190243
191294
192346
193414
194517
195528
196588
197629
198557
199611
200648
201654
203397
204267
205272
206312
207155
208142
209118
210117
211094
212071
213071
214057
214928
215938
216989
217979
218968
219955
10226
19354
26782
27508
28190
28938
31334
32044
32675
33452
34081
34799
35504
36226
36939
37640
38347
39072
39682
40394
41095
41849
42567
43267
43962
44677
45379
46085
46783
47482
48205
48961
49699
50309
51050
51761
52476
53219
53923
54620
55362
56063
56775
58662
59320
60001
60705
61420
62123
62822
63535
64655
65552
66675
67587
68694
69793
70902
71990
73139
74031
75159
76263
77428
78531
79634
80747
81841
83705
84606
85614
86610
87647
88638
89636
90636
91673
92684
93681
94680
95709
96713
97712
98701
99506
100487
101474
102471
103503
104491
105478
107270
108088
109129
110117
111114
112123
113155
114144
115134
115940
116991
117978
118936
119924
120967
121966
122954
123759
124765
125762
126754
127746
128758
130545
131546
132455
133504
134504
135496
136499
137534
138527
139529
140337
141396
142401
143389
144371
145392
146394
147391
148296
149382
150430
151409
152409
154159
155199
156207
157092
158094
159121
160105
161088
162087
163129
164129
164933
165936
166987
167974
168982
169983
170960
171984
172806
173737
174758
176575
177601
178617
179740
180795
181812
182637
183758
184782
185806
186846
187895
188773
189783
190635
191709
192734
193675
194726
195743
196763
197812
198643
200473
201522
202529
203544
204536
205568
206538
207401
208400
209424
210413
211401
212389
213448
214438
215436
216455
217484
10242
19242
28485
29171
29881
30592
32959
33580
34172
34894
35602
36315
37031
37744
38453
39158
39780
40345
41053
41810
42508
43217
43959
44666
45255
46040
46748
47451
48202
48906
49654
50350
50941
51641
52346
53057
53760
54464
55166
55869
56468
57176
57879
59755
60472
61085
61797
62502
63196
63911
64622
65729
66832
67866
68962
70125
71199
72195
73314
74479
75593
76701
77816
78928
80084
80952
82011
83130
85034
86083
87075
88073
88984
90033
90870
91880
92869
93936
94940
95929
96929
97971
98724
99764
100746
101605
102591
103586
104612
105600
106527
108348
109339
110369
111360
112349
113334
114361
115174
116175
117162
118190
119195
120184
121172
122212
123129
124138
125144
126172
127173
128171
129163
130201
131852
132885
133879
134876
135924
136874
137866
138859
139734
140749
141743
142703
143711
144690
145690
146683
147685
148695
149727
150733
151714
152695
153605
155391
156253
157264
158260
159242
160265
161249
162234
163070
163953
164971
165954
166938
167965
168950
169949
170949
171829
172852
173835
174864
175919
177742
178758
179781
180710
181814
182837
183823
184882
185936
186952
187993
189059
190027
191056
192147
193156
194207
195227
196265
197274
198329
199388
200440
202184
203218
204268
205274
206265
207250
208268
209246
210223
211200
212228
213215
214090
214927
215968
216957
217947
218936
10269
18566
27882
28590
29196
29915
32265
32995
33707
34421
35103
35825
36553
37270
37979
38687
39429
40268
40981
41736
42436
43138
43866
44590
45300
46004
46707
47413
48128
48816
49547
50293
51046
51731
52431
53136
53813
54541
55242
55944
56668
57413
58117
59990
60693
61490
62199
62903
63662
64365
65079
66224
67256
68376
69488
70606
71785
72893
74004
75112
76045
77175
78279
79402
80513
81418
82520
83619
85136
86135
87133
88130
89128
90174
91057
92058
93011
94062
95049
96035
97029
98082
99072
100096
101048
102073
103040
104036
105032
106061
107050
108835
109641
110648
111680
112669
113656
114644
115683
116672
117476
118486
119518
120485
121476
122372
123403
124393
125199
126205
127192
128182
129159
130162
131850
132841
133614
134621
135675
136709
137699
138687
139720
140714
141506
142275
143280
144297
145197
146207
147212
148223
149018
150092
151082
152061
153053
154805
155847
156845
157724
158726
159750
160734
161717
162704
163746
164758
165753
166764
167791
168774
169772
170773
171693
172707
173692
174746
175814
177667
178685
179702
180753
181836
182661
183538
184600
185653
186675
187728
188769
189815
190634
191707
192677
193736
194756
195806
196826
197835
198697
199782
201516
202523
203569
204561
205550
206539
207365
208364
209342
210317
211346
212335
213329
214317
215229
216236
217224
218221
10268
19629
28858
29559
30257
30966
32898
33617
34340
35045
35790
36496
37207
37964
38552
39276
40025
40731
41443
42203
42913
43624
44211
44938
45651
46359
47038
47764
48472
49187
49816
50524
51191
51874
52571
53282
53987
54689
55296
56005
56715
57420
58124
60003
60734
61406
62106
62812
63515
64217
64925
66071
67181
68143
69200
70362
71438
72545
73663
74774
75934
77041
78096
79228
80386
81489
82604
83710
85433
86463
87226
88234
89233
90264
91257
92245
93234
94269
95058
96068
97057
98087
99090
100113
101100
101879
102640
103632
104636
105625
106621
108413
109404
110431
111183
112186
113175
114192
115181
116171
117159
118184
118934
119943
120932
121967
122960
123948
124951
125992
126744
127746
128747
129792
131594
132600
133595
134624
135373
136225
137264
138290
139284
140318
141322
142353
143108
144089
145084
146101
147095
148092
149090
150156
151071
152056
152942
154730
155728
156725
157723
158705
159626
160618
161602
162595
163595
164603
165588
166632
167584
168582
169582
170602
171612
172626
173604
174628
175606
177423
178442
179464
180550
181609
182637
183472
184391
185420
186431
187482
188611
189633
190644
191695
192547
193582
194596
195646
196663
197680
198743
199786
201224
202282
203288
204115
205106
206004
206982
207959
208787
209840
210831
211818
212805
213839
214820
215809
216755
217805
9861
18236
27483
28159
28925
29638
31725
32346
33099
33812
34516
35226
35948
36662
37368
37991
38730
39433
40141
40897
41601
42314
43015
43638
44360
45079
45797
46512
47227
47929
48698
49309
50063
50783
51483
52197
52954
53659
54359
54975
55707
56412
57155
59123
59851
60546
61182
61909
62614
63330
64043
65147
66254
67422
68539
69558
70684
71791
72792
73904
75009
76112
77258
78385
79520
80635
81766
83113
85098
86089
87086
88080
89121
90114
91117
92114
93042
94032
95032
95989
97043
98046
99043
100068
101111
102098
103084
104021
105070
106057
107044
108840
109831
110860
111849
112627
113408
114397
115384
116373
117400
118389
119377
120158
120991
121994
122987
123853
124889
125881
126881
127879
128800
129811
131606
132606
133700
134729
135720
136714
137585
138544
139510
140512
141506
142499
143492
144397
145433
146230
147262
148259
149296
150327
151305
152287
153304
154729
155596
156612
157610
158635
159619
160602
161575
162621
163435
164404
165438
166425
167410
168394
169441
170442
171256
172292
173350
174365
175388
177207
178228
179297
180143
181207
182233
183283
184346
185322
186343
187430
188437
189374
190393
191487
192506
193525
194516
195567
196540
197570
198628
199671
201454
202463
203470
204405
205242
206242
207087
208078
209094
210072
211061
212048
212885
213895
214884
215872
216905
217908
9932
18119
27356
27957
28674
29381
31687
32442
33152
33865
34583
35175
35911
36618
37369
38080
38791
39547
40261
40947
41707
42319
43032
43801
44517
45245
45964
46626
47353
48069
48778
49485
50178
50860
51562
52230
52944
53651
54360
55061
55774
56478
57180
58668
59401
60113
60816
61522
62224
62800
63514
64413
65575
66680
67775
68882
70035
71142
72262
73222
74337
75480
76581
77687
78796
79954
81067
82127
84095
85086
86119
87118
88108
89096
90128
90927
91956
92955
93956
94956
95955
96956
97998
98997
100035
101031
102058
103172
104173
105170
106158
107991
108991
109979
110968
111995
112998
113986
114984
116010
117009
117967
118972
120002
120989
121979
122972
123882
124881
125631
126639
127670
128669
129660
131440
132431
133457
134205
135193
136224
137213
138220
139214
140217
141212
142212
143213
144189
145186
146165
147158
148156
149153
150151
151138
152119
153100
154849
155796
156793
157834
158668
159671
160666
161697
162705
163705
164567
165603
166511
167518
168513
169554
170556
171560
172481
173538
174480
175484
177304
178320
179394
180445
181491
182506
183392
184486
185403
186416
187510
188553
189573
190504
191422
192448
193499
194479
195580
196599
197647
198696
199637
201406
202409
203416
204398
205426
206416
207393
208283
209257
210232
211232
212220
213207
214195
215191
216069
217061
218060
9764
19292
28544
29236
29980
30606
32916
33656
34406
35122
35830
36535
37246
37884
38604
39310
40019
40732
41479
42158
42861
43494
44215
44929
45634
46351
47053
47768
48471
49076
49838
50533
51235
51958
52661
53371
54128
54721
55436
56175
56893
57597
58347
60259
60987
61643
62397
63115
63817
64532
65257
66362
67469
68519
69626
70740
71854
72965
74074
75182
76290
77410
78566
79677
80786
81889
83001
84146
86109
87109
87982
88983
90064
91063
92060
92956
93824
94827
95816
96622
97623
98612
99635
100614
101608
102595
103596
104433
105437
106445
107431
109257
110296
111285
112273
113260
114097
115054
116061
117049
118080
119069
120056
121044
122081
123058
124067
125057
126088
127079
128077
129105
130145
131156
132942
133958
134754
135748
136736
137729
138721
139528
140528
141520
142576
143579
144572
145436
146466
147264
148277
149279
150355
151348
152328
153308
154339
155727
156731
157747
158746
159729
160710
161692
162716
163532
164551
165413
166449
167433
168418
169400
170441
171257
172276
173297
174365
175389
176404
178208
179224
180152
181213
182260
183276
184362
185425
186362
187376
188334
189406
190394
191406
192499
193510
194520
195479
196353
197371
198390
199402
200504
202288
203296
204303
205111
206147
207099
207950
208938
209964
210941
211930
212738
213745
214742
215737
216725
217730
218718
10185
18196
27439
28164
28866
29579
31920
32636
33344
33937
34666
35356
36068
36778
37491
38192
38900
39554
40273
40984
41691
42415
43117
43877
44604
45277
46037
46755
47463
48213
48937
49674
50376
50947
51658
52367
52936
53652
54363
55066
55776
56370
57080
58961
59695
60396
61062
61768
62477
63084
63812
64922
66071
67180
68280
69390
70589
71490
72615
73734
74858
76014
77123
78238
79363
80282
81431
82545
84495
85487
86482
87496
88446
89410
90451
91440
92430
93420
94462
95464
96454
97232
98292
99281
100305
101292
102320
103201
104189
105133
106169
108012
109024
110013
111003
112040
113030
113806
114803
115829
116818
117806
118786
119813
120803
121553
122580
123578
124576
125566
126593
127585
128575
129361
131196
132234
133231
134230
135215
136259
137250
138248
139235
140276
141286
142280
143273
144334
145315
146142
147172
148220
149218
150248
151228
152248
153230
154822
155820
156818
157878
158861
159845
160836
161859
162782
163800
164710
165695
166680
167676
168663
169663
170475
171494
172548
173572
174586
175502
177349
178425
179250
180330
181381
182478
183500
184569
185400
186469
187313
188372
189391
190452
191514
192533
193544
194593
195472
196488
197493
198595
199639
201374
202380
203386
204337
205327
206256
207233
208284
209261
210237
211226
212262
213260
214269
215227
216255
217254
218242
10042
18514
25954
26674
27377
28082
30425
31163
31858
32621
33199
33921
34682
35397
36099
36804
37510
38217
38823
39568
40279
40991
41692
42325
43042
43768
44359
45068
45771
46473
47194
47897
48602
49289
49978
50705
51409
52113
52812
53513
54260
54961
55596
57531
58304
59005
59710
60454
61160
61862
62517
63631
64737
65840
66991
68097
69208
70316
71322
72489
73578
74694
75793
76945
78056
79162
80171
81273
83278
84141
85134
86126
87119
88036
88850
89854
90892
91880
92881
93868
94841
95832
96635
97663
98703
99727
100703
101702
102726
103714
104633
106261
107273
108315
109304
110292
111281
112308
113304
114302
115285
116316
117305
118293
119291
120323
121311
122112
122976
123984
124980
125967
127006
127997
129785
130785
131577
132645
133645
134645
135641
136684
137684
138685
139499
140454
141467
142445
143434
144461
145465
146462
147500
148352
149346
150361
151343
153135
154133
155109
156089
156896
157793
158794
159779
160820
161821
162828
163813
164838
165709
166700
167698
168741
169742
170755
171766
172828
173856
175420
176446
177463
178548
179596
180614
181626
182726
183544
184576
185471
186557
187577
188590
189645
190702
191526
192331
193389
194481
195482
196519
197528
199312
200400
201188
202186
203175
204212
205187
206073
207049
208025
208805
209714
210760
211749
212738
213725
214751
215739
9913
17029
26322
27025
27734
28420
30789
31548
32258
32948
33705
34411
35119
35827
36540
37246
37963
38640
39365
40075
40793
41549
42271
42974
43679
44281
45004
45719
46426
47125
47833
48537
49293
49892
50589
51337
52038
52745
53486
54197
54908
55527
56105
57973
58704
59441
60145
60852
61596
62188
62914
64055
65215
66332
67430
68541
69691
70587
71711
72780
73938
75045
76151
77256
78350
79300
80421
81532
83458
84459
85494
86489
87486
88360
89410
90402
91429
92427
93464
94464
95455
96329
97349
98351
99340
100362
101390
102377
103364
104114
105101
106692
107681
108669
109696
110684
111672
112422
113447
114436
115438
116426
117154
118141
119131
120019
121025
122023
123013
124054
125009
126000
126990
127749
129389
130390
131381
132379
133413
134407
135405
136402
137222
138272
139269
140272
141310
142289
143267
144267
145215
146225
147232
148230
149246
150270
151254
153002
153958
154956
155954
156936
158000
158983
159967
160967
162014
163022
164006
164992
166017
167002
168000
168944
169950
170983
172007
173029
174052
175927
176946
177960
178809
179801
180845
181869
182931
183991
185006
186048
187091
187945
188977
190028
191047
192098
193110
194160
195178
196030
197096
198120
199725
200722
201767
202758
203748
204662
205679
206657
207633
208647
209702
210672
211659
212573
213603
214592
215579
216566
10302
19724
27951
28635
29337
30041
32423
33155
33874
34592
35348
36064
36780
37531
38315
39019
39777
40495
41095
41844
42543
43263
43964
44670
45375
46092
46702
47389
48094
48804
49513
50217
50919
51510
52217
52928
53633
54335
55037
55741
56466
57055
57770
59656
60385
61082
61790
62508
63212
63881
64603
65750
66855
67955
69056
70212
71351
72413
73541
74662
75733
76836
77956
79071
80216
81374
82497
83612
85555
86548
87585
88585
89582
90577
91622
92621
93620
94629
95679
96678
97679
98516
99490
100468
101453
102442
103481
104469
105456
106294
107329
109126
110084
111074
112082
113070
114064
114869
115903
116892
117903
118891
119881
120872
121861
122858
123899
124904
125900
126888
127917
128908
129898
130884
132735
133789
134787
135785
136769
137809
138802
139794
140723
141756
142744
143738
144702
145719
146705
147510
148524
149542
150597
151587
152566
153594
154396
156154
157152
158148
159159
160137
161061
162068
162884
163888
164887
165924
166908
167902
168841
169875
170689
171699
172708
173769
174793
175808
176826
178676
179755
180652
181702
182778
183836
184860
185923
186946
188011
189011
190082
191092
192131
193182
194158
195191
196201
197056
198084
199103
200200
201206
202969
203977
204984
205856
206863
207853
208828
209842
210818
211625
212613
213447
214445
215433
216423
217472
218472
219461
10452
19843
29250
29953
30693
31395
33189
33901
34663
35372
36084
36843
37509
38230
38944
39598
40306
41084
41789
42498
43205
43929
44535
45260
45964
46667
47373
48092
48798
49498
50175
50894
51609
52294
52995
53704
54408
55113
55702
56403
57037
57739
58460
60332
61061
61760
62346
63050
63757
64463
65172
66276
67422
68387
69278
70402
71512
72670
73781
74766
75871
77049
77940
79069
80176
81329
82435
83539
85471
86471
87276
88259
89261
90252
91305
92295
93284
94274
95227
96240
97231
98222
99269
100290
101277
102264
103215
104210
105197
106184
107207
108955
109944
110941
111722
112764
113754
114742
115731
116758
117747
118746
119510
120554
121546
122544
123542
124575
125569
126567
127295
128295
129285
130275
132108
133168
134168
135167
135894
136957
137949
138952
139962
140998
142002
142823
143606
144635
145626
146605
147589
148593
149637
150621
151380
152374
153355
155107
156106
157140
158139
159122
159999
161036
162020
163021
164021
165062
166047
167032
167940
168977
169989
170986
171995
173050
174074
175084
176065
177804
178897
179916
180954
182001
183056
184077
185092
186144
187209
188252
189301
190137
191194
192256
193077
194098
195025
196064
197073
198089
199194
200237
202012
203039
204056
205084
206075
207064
208041
209059
210030
210881
211869
212905
213894
214881
215870
216813
217814
218802
9839
18197
27464
28158
28862
29573
31585
32346
33056
33768
34517
35232
35943
36699
37429
38145
38897
39606
40310
41019
41725
42436
43146
43863
44566
45285
45991
46659
47362
48069
48690
49415
50154
50834
51535
52262
52968
53673
54283
54991
55713
56457
57162
59043
59764
60509
61095
61818
62572
63272
63985
65128
66235
67362
68249
69368
70516
71623
72736
73798
74963
76076
77183
78312
79415
80558
81665
82776
84710
85705
86618
87632
88624
89612
90646
91675
92674
93702
94603
95630
96635
97624
98731
99802
100753
101740
102642
103639
104627
105629
106656
108433
109418
110407
111224
112230
113219
114209
115238
116227
117216
118204
119091
120098
121088
122080
123110
124102
125104
125886
126724
127727
128717
129708
131543
132585
133578
134576
135488
136548
137547
138545
139601
140635
141629
142623
143550
144586
145567
146545
147545
148573
149583
150525
151511
152529
153511
155263
156261
157260
158259
159252
160159
161110
162095
163091
164100
165136
165950
166943
167929
168954
169954
170949
171950
173035
173834
174855
175875
177725
178772
179790
180841
181908
182732
183772
184838
185853
186915
187957
189008
189800
190810
191871
192892
193901
194962
196008
197018
198025
199069
200144
201894
202901
203906
204951
205941
206817
207805
208823
209797
210840
211786
212818
213801
214617
215618
216645
217634
218622
10456
19831
28924
29554
30267
31031
33363
34076
34835
35543
36261
36840
37561
38277
38990
39697
40426
41143
41831
42430
43160
43874
44579
45295
46015
46682
47405
47980
48708
49416
50159
50868
51572
52268
52968
53640
54398
55103
55805
56544
57261
57970
58730
60485
61230
61946
62687
63404
64111
64883
65595
66493
67609
68760
69860
70960
72067
73220
74372
75275
76402
77517
78588
79701
80814
81921
83080
84062
86012
87000
87993
89020
90017
91009
91962
92799
93806
94804
95793
96827
97763
98762
99798
100690
101685
102672
103659
104684
105673
106661
107649
109509
110558
111571
112560
113549
114577
115568
116555
117550
118490
119478
120467
121456
122500
123498
124498
125276
126268
127260
128250
129216
130248
131241
133023
133774
134823
135816
136809
137801
138615
139605
140598
141328
142378
143221
144214
145192
146182
147162
148154
149169
150215
151209
152189
153172
154153
155901
156901
157860
158798
159782
160743
161727
162754
163757
164757
165574
166620
167606
168592
169635
170686
171690
172699
173628
174700
175719
176733
178597
179596
180666
181709
182641
183668
184730
185793
186805
187817
188912
189791
190794
191813
192915
193937
194948
195968
197045
197896
198916
199999
201051
202834
203844
204846
205655
206708
207699
208674
209752
210721
211602
212591
213504
214546
215535
216523
217501
218527
219517
