9527
164465
320803
471330
621856
773663
924202
1074741
1225294
1375579
1525856
1676218
1826742
1977272
2127827
2278351
2428993
2529451
2593658
2608332
2609059
2609805
2610527
2611247
2612009
2612719
2613436
2614159
2614887
2615602
2616314
2617031
2617697
2618390
2619101
2619697
2620423
2621138
2621850
2622564
2623285
2624002
2625913
2626644
2627366
2628090
2628802
2629520
2630232
2630943
2631664
2632563
2633715
2634832
2635993
2637128
2638246
2639362
2640489
2641361
2642508
2643636
2644774
2645940
2646962
2648092
2649206
2650342
2652308
2653305
2654314
2655310
2656348
2657304
2658300
2659255
2660306
2661303
2662299
2663296
2664333
2665330
2666336
2667135
2668178
2669176
2670173
2671174
2672219
2673216
2674214
2675641
2676640
2677645
2678641
2679655
2680662
2681659
2682666
2683485
2684536
2685534
2686532
2687540
2688574
2689583
2690580
2691407
2692453
2693451
2694448
2695446
2696483
2697356
2699157
2700008
2701001
2702034
2703032
2704046
2705053
2706099
2707106
2707990
2708998
2710077
2711081
2712067
2713063
2714090
2715091
2715992
2717013
2718057
2719049
2720041
2721032
2722831
2723883
2724674
2725698
2726691
2727685
2728678
2729670
2730679
2731695
2732434
2733455
2734501
2735497
2736490
2737498
2738238
2739257
2739999
2741033
2742097
2743143
2744207
2746000
2747022
2748062
2748859
2749919
2750940
2752042
2753066
2754085
2755151
2756234
2757103
2758137
2759084
2760139
2761160
2762198
2763244
2764303
2765099
2766171
2767186
2768263
2769279
2771036
2772040
2773039
2774120
2775030
2776027
2777016
2778044
2779044
2780043
2781051
2782100
2782951
2783963
2784967
2786013
10393
169111
323705
474369
624738
776530
926969
1077405
1227848
1378307
1528743
1679179
1829617
1980053
2130486
2280939
2431373
2531813
2582300
2604937
2605655
2606402
2607118
2607826
2608573
2609103
2609724
2610210
2610931
2611640
2612384
2613113
2613820
2614558
2615282
2615923
2616676
2617367
2618082
2618793
2619443
2620172
2622077
2622710
2623441
2624156
2624873
2625585
2626300
2627012
2627728
2628745
2629902
2631058
2632271
2633397
2634527
2635645
2636810
2637827
2638947
2640088
2641205
2642395
2643507
2644641
2645758
2646933
2648926
2649961
2650968
2651964
2652961
2653965
2654883
2655892
2656927
2657943
2658939
2659941
2660978
2661995
2662923
2663928
2664981
2665979
2666976
2667974
2668948
2669947
2670868
2672672
2673681
2674752
2675750
2676747
2677753
2678791
2679673
2680708
2681703
2682742
2683751
2684758
2685717
2686671
2687550
2688563
2689570
2690611
2691610
2692606
2693561
2694615
2696042
2697059
2698058
2699055
2700126
2701121
2702121
2703119
2703934
2704848
2705869
2706906
2707909
2708896
2709883
2710889
2711892
2712854
2713877
2714930
2715921
2716915
2717906
2719709
2720755
2721767
2722783
2723776
2724812
2725804
2726806
2727828
2728887
2729786
2730797
2731803
2732848
2733852
2734882
2735892
2736954
2737818
2738754
2739790
2740855
2741920
2743709
2744755
2745828
2746717
2747744
2748773
2749871
2750924
2751942
2752967
2754017
2754860
2755881
2756952
2757969
2758987
2760003
2761051
2761937
2762763
2763850
2764867
2765884
2766972
2768675
2769700
2770699
2771580
2772631
2773619
2774604
2775589
2776626
2777625
2778625
2779497
2780554
2781561
2782566
2783562
7848
162771
317677
468054
618467
769717
920091
1070492
1220885
1371219
1521555
1671877
1822195
1972698
2123030
2273346
2423661
2573978
2724290
2836315
2928065
2928658
2929391
2930110
2930831
2931538
2932266
2932976
2933688
2934356
2935085
2935805
2936510
2937279
2937989
2938709
2939457
2940122
2940855
2941604
2942339
2943054
2944996
2945747
2946466
2947069
2947842
2948571
2949285
2950038
2950751
2951863
2952843
2953773
2954760
2955876
2956988
2958143
2959264
2960308
2961442
2962361
2963539
2964656
2965765
2966906
2968069
2969190
2971128
2972021
2973038
2974082
2975089
2976087
2977073
2978120
2979116
2979923
2980936
2981980
2982988
2983988
2984990
2986043
2987048
2987830
2988766
2989806
2990813
2991811
2992832
2994709
2995760
2996736
2997743
2998741
2999805
3000792
3001787
3002785
3003824
3004638
3005643
3006567
3007607
3008605
3009604
3010600
3011638
3012452
3013459
3014455
3015500
3016501
3018418
3019418
3020415
3021464
3022275
3023289
3024215
3025215
3026214
3027008
3028066
3029069
3029882
3030907
3031936
3032928
3033930
3034936
3035856
3036870
3037831
3038759
3039801
3041574
3042586
3043593
3044611
3045646
3046665
3047597
3048598
3049712
3050712
3051716
3052708
3053754
3054750
3055743
3056759
3057814
3058824
3059845
3060888
3061953
3062976
3064038
3065392
3066417
3067518
3068472
3069493
3070527
3071629
3072650
3073399
3074457
3075578
3076597
3077640
3078700
3079761
3080790
3081535
3082599
3083668
3084684
3085743
3086761
3087831
3088702
3089937
3090957
3091913
3092913
3093899
3094907
3095942
3096936
3097704
3098713
3099796
3100782
3101797
3102793
3103832
3104828
9974
164490
319275
469692
620112
771429
921876
1072303
1222729
1373154
1523570
1673987
1824636
1975283
2125963
2276622
2427293
2577963
2728632
2879305
3029926
3180264
3426360
3527005
3627416
3756873
3807303
3857682
3908022
3911623
3912341
3913118
3913858
3914566
3915276
3916048
3916761
3917473
3918201
3918914
3919640
3920344
3922339
3923118
3923837
3924592
3925313
3926050
3926624
3927340
3928051
3929051
3929967
3930850
3931984
3933141
3934314
3935487
3936607
3937721
3938848
3939805
3940938
3942055
3943163
3944379
3945501
3946632
3948588
3949506
3950551
3951544
3952531
3953538
3954548
3955545
3956420
3957424
3958451
3959447
3960443
3961436
3962484
3963481
3964427
3965443
3966488
3967506
3968502
3969499
3970536
3972418
3973295
3974310
3975353
3976391
3977400
3978408
3979467
3980510
3981390
3982416
3983457
3984497
3985549
3986545
3987526
3988534
3989495
3990512
3991509
3992549
3993557
3994557
3996370
3997368
3998361
3999379
4000421
4001414
4002443
4003424
4004443
4005372
4006275
4007335
4008303
4009338
4010363
4011351
4012368
4013372
4014287
4015355
4016356
4017344
4018376
4020200
4021211
4022257
4023276
4024366
4025360
4026352
4027354
4028399
4029419
4030488
4031396
4032490
4033466
4034501
4035509
4036578
4037597
4038671
4039602
4040633
4041656
4042719
4044542
4045569
4046620
4047707
4048743
4049808
4050862
4051940
4052958
4054005
4055062
4056117
4057170
4058146
4059227
4060286
4061303
4062351
4063368
4064288
4065346
4066182
4067263
4069092
4070156
4071170
4072225
4073233
4074220
4075013
4075970
4076974
4078010
4079008
4080007
4081013
4082048
4083046
4083888
4084779
10188
165133
320047
470421
620786
771788
922102
1072420
1222734
1373143
1523530
1673842
1824159
1974423
2124684
2274969
2425234
2644749
2667285
2668002
2668714
2669465
2670176
2670886
2671641
2672358
2672819
2673584
2674305
2674802
2675550
2676256
2676976
2677714
2678193
2678911
2679676
2680398
2681121
2681877
2682599
2683318
2684486
2685221
2685693
2686194
2686905
2687627
2688374
2689090
2689592
2690721
2691877
2693021
2694150
2695270
2696392
2697563
2698282
2699393
2700545
2701700
2702830
2703955
2705073
2706230
2707123
2708248
2710195
2711195
2712263
2713261
2714258
2715255
2716068
2717072
2718070
2719069
2720114
2721031
2722029
2723027
2723870
2724883
2725878
2726885
2727945
2728982
2729982
2730976
2731988
2733866
2734876
2735876
2736883
2737924
2738880
2739878
2740796
2741853
2742869
2743869
2744866
2745905
2746930
2747850
2748692
2749778
2750769
2751764
2752759
2753792
2754790
2755674
2757092
2758132
2759131
2760127
2761123
2762170
2763168
2764165
2764949
2766006
2766872
2767873
2768873
2769901
2770889
2771886
2772674
2773627
2774648
2775661
2776660
2777729
2778731
2780499
2781516
2782306
2783343
2784344
2785345
2786346
2787421
2788433
2789442
2790377
2791302
2792314
2793320
2794312
2795331
2796343
2797362
2798354
2799429
2800483
2801501
2802563
2804386
2805443
2806493
2807542
2808483
2809348
2810426
2811445
2812466
2813556
2814605
2815622
2816639
2817548
2818486
2819504
2820521
2821611
2822637
2823661
2824773
2825786
2826615
2827636
2829139
2830186
2831196
2832206
2833192
2834221
2835022
2836016
2837029
2838077
2839087
2840084
2841091
2842140
2843122
2844159
10325
165100
319825
470158
620470
771454
921768
1072097
1222401
1372717
1523027
1673365
1823694
1974006
2124426
2274860
2425296
2525637
2567897
2568623
2569329
2569747
2570499
2571207
2571931
2572648
2573120
2573866
2574578
2575295
2576020
2576734
2577445
2578120
2578713
2579441
2580151
2580873
2581582
2582312
2583030
2583745
2585124
2585878
2586589
2587317
2588037
2588756
2589469
2590173
2590713
2591830
2592953
2594084
2595251
2596415
2597538
2598669
2599825
2600893
2602052
2603182
2604297
2605423
2606576
2607704
2608744
2609868
2611799
2612801
2613797
2614793
2615792
2616784
2617819
2618818
2619815
2620861
2621836
2622836
2623756
2624771
2625767
2626764
2627770
2628777
2629713
2630720
2631563
2632607
2633625
2635441
2636449
2637457
2638495
2639496
2640339
2641356
2642375
2643374
2644373
2645379
2646418
2647383
2648227
2649251
2650320
2651257
2652273
2653269
2654311
2655308
2656227
2657235
2659064
2660102
2661113
2662112
2663110
2664147
2664985
2666023
2667021
2668065
2669080
2670082
2671084
2671992
2672956
2673958
2674961
2676017
2677023
2678027
2679019
2680053
2681015
2682760
2683769
2684811
2685819
2686812
2687807
2688811
2689769
2690797
2691806
2692815
2693819
2694833
2695850
2696864
2697765
2698793
2699849
2700861
2701881
2702902
2703925
2704989
2706444
2707474
2708523
2709576
2710638
2711658
2712719
2713667
2714695
2715713
2716761
2717790
2718832
2719890
2720909
2721937
2722940
2723854
2724872
2725887
2726953
2728016
2729037
2730065
2731812
2732659
2733465
2734473
2735459
2736491
2737488
2738484
2739483
2740479
2741512
2742523
2743529
2744586
2745586
2746583
10333
165102
319844
470232
620572
771575
921899
1072217
1222737
1373085
1523407
1673758
1824109
1974557
2124920
2275531
2425987
2576431
2693561
2817088
2820163
2820888
2821608
2822334
2823052
2823769
2824493
2825206
2825796
2826533
2827255
2828016
2828733
2829429
2830187
2830905
2831498
2832264
2832924
2833611
2834374
2835102
2836996
2837743
2838406
2839136
2839868
2840591
2841303
2842016
2842753
2843661
2844561
2845698
2846856
2848029
2849162
2850319
2851300
2852468
2853381
2854501
2855618
2856772
2857903
2859021
2860140
2861255
2862827
2863836
2864836
2865850
2866847
2867844
2868841
2869843
2870808
2871814
2872811
2873817
2874887
2875896
2876897
2877893
2878856
2879875
2880871
2881869
2882876
2883832
2884829
2886637
2887520
2888570
2889569
2890569
2891578
2892634
2893647
2894655
2895458
2896512
2897511
2898519
2899516
2900556
2901563
2902380
2903384
2904411
2905408
2906409
2907405
2908443
2910216
2911126
2912131
2913128
2914159
2915156
2916164
2917154
2918190
2919005
2920022
2921025
2922073
2923066
2924054
2925009
2926054
2927024
2928049
2929063
2930100
2931092
2932082
2933845
2934856
2935799
2936819
2937805
2938801
2939795
2940791
2941801
2942820
2943640
2944652
2945619
2946684
2947679
2948687
2949739
2950801
2951648
2952676
2953698
2954800
2955864
2957652
2958675
2959724
2960608
2961649
2962668
2963729
2964791
2965813
2966815
2967863
2968888
2969960
2971019
2972038
2973214
2974285
2975341
2976192
2977011
2978128
2979146
2980171
2981188
2982982
2984035
2985044
2985926
2986933
2987957
2988953
2989941
2990942
2991987
2992991
2993824
2994841
2995849
2996825
2997823
9701
165061
319799
470174
620551
771772
922104
1072455
1222787
1373121
1523437
1673800
1824130
1974449
2124768
2275297
2425733
2576166
2696575
2816327
2857939
2858655
2859410
2860114
2860825
2861562
2862300
2863012
2863632
2864354
2865083
2865813
2866523
2867228
2867945
2868671
2869375
2870100
2870810
2871528
2872246
2872965
2874933
2875661
2876343
2877096
2877810
2878531
2879291
2880009
2880718
2881840
2882818
2883954
2885077
2886186
2887357
2888484
2889575
2890699
2891648
2892779
2893896
2895008
2896159
2897320
2898456
2899570
2901571
2902568
2903652
2904664
2905660
2906674
2907712
2908627
2909623
2910619
2911651
2912649
2913647
2914643
2915652
2916523
2917528
2918524
2919560
2920557
2921556
2922554
2923631
2925412
2926378
2927384
2928383
2929423
2930430
2931430
2932433
2933471
2934342
2935357
2936367
2937432
2938440
2939446
2940444
2941496
2942310
2943315
2944314
2945356
2946367
2947369
2949167
2950204
2951050
2952055
2953051
2954047
2955083
2956081
2956908
2957911
2958735
2959745
2960747
2961735
2962722
2963711
2964713
2965732
2966620
2967637
2968628
2969662
2970654
2972420
2973430
2974439
2975391
2976373
2977366
2978360
2979394
2980425
2981435
2982447
2983434
2984451
2985455
2986458
2987513
2988524
2989544
2990576
2991553
2992599
2993627
2994705
2996527
2997599
2998660
2999749
3000721
3001591
3002659
3003679
3004698
3005781
3006830
3007636
3008652
3009551
3010577
3011455
3012473
3013572
3014590
3015605
3016672
3017525
3018459
3019476
3021223
3022225
3023303
3024306
3025301
3026104
3027158
3028150
3029135
3030101
3031149
3032149
3033158
3034036
3035085
3036085
8789
163722
318469
468848
619224
770454
920828
1071210
1221548
1371856
1522174
1672803
1823180
1973567
2123970
2274385
2424728
2575042
2725356
2875685
3109306
3209747
3277125
3327558
3378100
3428761
3457543
3458258
3458976
3459745
3460456
3461180
3461917
3462618
3463229
3463985
3464704
3465411
3466187
3466907
3467619
3468195
3469741
3470469
3471193
3471947
3472670
3473394
3474167
3474883
3475484
3476621
3477766
3478887
3480007
3481124
3482280
3483409
3484523
3485659
3486786
3487961
3489081
3490208
3491285
3492309
3493443
3494561
3496511
3497511
3498483
3499490
3500523
3501378
3502413
3503410
3504407
3505419
3506453
3507450
3508449
3509343
3510400
3511399
3512405
3513400
3514436
3515434
3516431
3517427
3518451
3520303
3521301
3522302
3523309
3524363
3525173
3526134
3527132
3528180
3529178
3530170
3531177
3532217
3533030
3534047
3535054
3536119
3537117
3538052
3539059
3540099
3540936
3541951
3543741
3544742
3545782
3546792
3547790
3548790
3549862
3550853
3551850
3552849
3553862
3554862
3555903
3556899
3557929
3558914
3560169
3561175
3562225
3563239
3564044
3565048
3566070
3567879
3568887
3569706
3570712
3571742
3572498
3573500
3574504
3575524
3576542
3577556
3578560
3579554
3580340
3581342
3582393
3583403
3584426
3585452
3586547
3587580
3588481
3589556
3591347
3592414
3593477
3594555
3595578
3596609
3597760
3598795
3599874
3600914
3602021
3603038
3604056
3605114
3606030
3607065
3608102
3609149
3610205
3611320
3612379
3613407
3614473
3615495
3617266
3618279
3619297
3620335
3621325
3622259
3623266
3624302
3625304
3626310
3627317
3628366
3629345
3630158
3631173
3632208
10204
164451
321508
472023
622550
773734
924251
1074772
1225178
1375471
1525763
1676055
1826519
1977044
2127569
2278102
2378549
2429217
2454557
2455211
2455929
2456645
2457354
2458061
2458780
2459489
2460201
2460815
2461540
2462312
2463026
2463738
2464533
2465229
2465953
2466730
2467460
2468170
2468888
2469600
2470317
2471030
2471756
2473300
2474030
2474620
2475328
2476042
2476766
2477435
2478156
2479057
2480259
2481377
2482503
2483645
2484727
2485884
2487014
2488091
2489221
2490387
2491504
2492624
2493740
2494905
2496047
2497082
2499039
2500075
2501082
2502076
2503073
2504092
2505088
2505978
2506982
2507979
2509049
2510045
2511042
2512038
2513034
2513911
2514923
2515893
2516930
2517941
2518937
2519934
2520972
2522568
2523589
2524597
2525615
2526664
2527662
2528663
2529668
2530581
2531598
2532597
2533603
2534675
2535685
2536584
2537581
2538458
2539476
2540477
2541485
2542534
2543543
2544561
2546325
2547136
2548063
2549077
2550121
2551117
2552111
2553108
2554105
2555105
2556113
2557072
2558073
2559059
2560046
2561033
2562033
2563047
2564068
2565007
2566013
2567002
2567995
2569767
2570776
2571786
2572839
2573646
2574654
2575658
2576689
2577700
2578709
2579717
2580762
2581578
2582494
2583508
2584573
2585587
2586614
2587648
2588714
2589746
2590573
2591667
2593509
2594597
2595648
2596700
2597731
2598818
2599701
2600710
2601729
2602818
2603867
2604883
2605900
2606994
2607844
2608881
2609895
2610983
2612000
2613024
2614082
2615099
2616043
2617066
2618814
2619817
2620881
2621889
2622877
2623872
2624814
2625811
2626814
2627815
2628814
2629816
2630813
2631776
2632763
2633771
9979
164778
319512
469904
620547
771804
922204
1072749
1223100
1373646
1524202
1674614
1825022
1975671
2126079
2276719
2427154
2577816
2728461
2879144
3029513
3276845
3377292
3477931
3542997
3593670
3644365
3695062
3745805
3796478
3808897
3809608
3810313
3811017
3811664
3812383
3813134
3813823
3814535
3815294
3816005
3816720
3818387
3819171
3819880
3820556
3821331
3822057
3822784
3823535
3824092
3825215
3826331
3827492
3828609
3829741
3830532
3831700
3832511
3833668
3834808
3835966
3837125
3838250
3839369
3840338
3841178
3842291
3844240
3845239
3846236
3847281
3848281
3849290
3850048
3851052
3852047
3853043
3854038
3855033
3856028
3857026
3857945
3858948
3859943
3860884
3861933
3862931
3863927
3864924
3865813
3867680
3868681
3869678
3870674
3871719
3872717
3873714
3874446
3875494
3876494
3877492
3878492
3879558
3880599
3881478
3882322
3883360
3884368
3885367
3886368
3887417
3888417
3889427
3890739
3891795
3892762
3893762
3894761
3895812
3896811
3897810
3898593
3899686
3900685
3901684
3902679
3903712
3904700
3905536
3906546
3907594
3908599
3909604
3910592
3911622
3912594
3914116
3915091
3916107
3917150
3918151
3919139
3920132
3921163
3922090
3923107
3924114
3925147
3926143
3927148
3928144
3929205
3930110
3931130
3932154
3933228
3934254
3935286
3936344
3938168
3939103
3940174
3941236
3942258
3943354
3944417
3945437
3946459
3947371
3948452
3949471
3950523
3951642
3952658
3953675
3954703
3955627
3956659
3957672
3958730
3959787
3960804
3962563
3963580
3964495
3965556
3966556
3967543
3968528
3969558
3970544
3971543
3972462
3973518
3974516
3975514
3976523
3977559
3978560
10139
168509
323403
473808
624214
776382
926822
1077232
1227898
1378573
1529284
1679942
1830366
1981029
2131658
2282307
2432951
2583418
2733869
2884431
3034877
3185470
3406541
3550932
3601376
3651918
3668393
3668932
3669658
3670372
3671005
3671713
3672414
3673126
3673848
3674401
3675128
3675854
3676581
3677333
3678042
3678763
3680678
3681291
3682033
3682761
3683483
3684196
3684921
3685651
3686367
3687434
3688559
3689678
3690828
3691994
3693153
3694275
3695395
3696372
3697566
3698685
3699845
3700962
3702111
3703276
3704395
3705298
3707229
3708228
3709288
3710285
3711256
3712253
3713302
3714184
3715200
3716197
3717233
3718231
3719241
3720239
3721275
3722088
3723011
3723923
3724932
3725927
3726934
3727952
3728981
3730798
3731806
3732619
3733661
3734667
3735675
3736676
3737720
3738727
3739733
3740535
3741590
3742609
3743613
3744612
3745700
3746718
3747726
3748733
3749824
3750815
3751809
3752805
3754660
3755729
3756727
3757686
3758659
3759705
3760724
3761722
3762721
3763651
3764653
3765481
3766496
3767523
3768510
3769497
3770498
3771539
3772548
3773375
3774373
3775265
3776188
3777967
3778978
3779989
3781006
3781812
3782823
3783648
3784648
3785645
3786656
3787707
3788710
3789515
3790530
3791577
3792549
3793569
3794586
3795646
3796669
3797547
3798587
3799714
3801480
3802503
3803555
3804493
3805564
3806380
3807447
3808468
3809524
3810603
3811653
3812670
3813717
3814653
3815671
3816690
3817747
3818815
3819845
3820861
3821962
3822860
3823897
3825564
3826568
3827611
3828623
3829625
3830614
3831444
3832469
3833463
3834464
3835515
3836521
3837526
3838523
3839364
3840401
3841399
10115
164598
319168
469499
619811
770800
921121
1071434
1221973
1372617
1523261
1673702
1824045
1974457
2124909
2275342
2425930
2576406
2724869
2728632
2729361
2730075
2730787
2731514
2732228
2732838
2733556
2734217
2734953
2735668
2736390
2737072
2737789
2738460
2739180
2739838
2740564
2741282
2741991
2742707
2743433
2744198
2746151
2746884
2747596
2748353
2749082
2749832
2750612
2751323
2751951
2752971
2754151
2755264
2756388
2757506
2758664
2759778
2760890
2761828
2762991
2764145
2765256
2766378
2767496
2768662
2769714
2770667
2772622
2773620
2774672
2775689
2776696
2777703
2778741
2779728
2780743
2781753
2782793
2783802
2784810
2785814
2786852
2787775
2788783
2789783
2790821
2791818
2792815
2793811
2794889
2796747
2797760
2798753
2799785
2800814
2801809
2802814
2803734
2804781
2805779
2806775
2807772
2808810
2809686
2810677
2811490
2812533
2813531
2814526
2815536
2816571
2817567
2818554
2820041
2821038
2822079
2823073
2824074
2825077
2826119
2827122
2827928
2828927
2829883
2830885
2831887
2832875
2833864
2834856
2835865
2836938
2837956
2838969
2839972
2840951
2841940
2843699
2844581
2845600
2846670
2847674
2848668
2849695
2850675
2851682
2852543
2853559
2854592
2855597
2856591
2857593
2858665
2859674
2860690
2861714
2862776
2863800
2864823
2865886
2867603
2868689
2869742
2870815
2871828
2872889
2873952
2874983
2876009
2877051
2877902
2878958
2879987
2880980
2882002
2883021
2884080
2885139
2885968
2887004
2888006
2889024
2890094
2891121
2892755
2893780
2894635
2895648
2896634
2897634
2898678
2899699
2900653
2901526
2902514
2903523
2904519
2905429
2906466
2907474
10449
165241
319984
470392
621026
772270
922646
1073043
1223424
1373766
1524080
1674393
1824709
1975021
2125347
2275688
2426008
2576321
2726662
2845336
2946019
3051076
3101622
3140230
3140944
3141654
3142364
3143076
3143778
3144493
3145156
3145868
3146581
3147255
3147976
3148703
3149459
3150241
3150950
3151672
3152385
3153015
3154905
3155680
3156393
3157095
3157820
3158534
3159243
3159929
3160652
3161769
3162889
3164052
3165232
3166355
3167471
3168584
3169597
3170743
3171865
3172986
3174107
3175274
3176396
3177514
3178427
3179598
3181413
3182423
3183422
3184422
3185457
3186462
3187274
3188285
3189322
3190329
3191337
3192289
3193342
3194361
3195173
3196202
3197249
3198259
3199258
3200291
3201210
3202205
3203049
3204862
3205898
3206893
3207890
3208896
3209940
3210937
3211750
3212722
3213765
3214761
3215758
3216755
3217794
3218791
3219701
3220720
3221775
3222773
3223773
3224774
3225815
3226816
3228450
3229468
3230469
3231507
3232515
3233512
3234512
3235553
3236376
3237397
3238418
3239471
3240484
3241481
3242295
3243319
3244133
3245158
3246175
3247218
3248210
3249201
3250251
3252025
3252858
3253872
3254878
3255906
3256899
3257892
3258885
3259951
3260773
3261799
3262742
3263776
3264785
3265779
3266797
3267867
3268871
3269893
3270912
3272003
3273029
3274092
3275874
3276818
3277922
3278986
3280008
3281029
3282094
3283159
3284177
3285096
3286152
3287214
3288230
3289297
3290319
3291377
3292393
3293329
3294355
3295410
3296469
3297499
3298516
3299602
3301211
3301976
3302981
3303979
3304973
3305959
3306944
3307968
3308964
3309843
3310859
3311897
3312894
3313880
3314877
3315912
9406
164344
318941
469332
619724
771893
922175
1072443
1222760
1373272
1523819
1674353
1824884
1975419
2125954
2276491
2427125
2577668
2692272
2742739
2744927
2745658
2746373
2747089
2747848
2748467
2749191
2749947
2750589
2751309
2752059
2752770
2753472
2754176
2754885
2755593
2756240
2756964
2757676
2758389
2759104
2759795
2761705
2762436
2763077
2763728
2764395
2765117
2765727
2766441
2767157
2768272
2769392
2770364
2771504
2772631
2773752
2774899
2776065
2777183
2778310
2779245
2780444
2781570
2782701
2783829
2784956
2786121
2787827
2788858
2789865
2790866
2791905
2792903
2793900
2794874
2795922
2796930
2797947
2798943
2800007
2801013
2802031
2802938
2803819
2804823
2805817
2806813
2807867
2808863
2809860
2811708
2812614
2813617
2814624
2815621
2816618
2817615
2818611
2819607
2820504
2821521
2822522
2823523
2824580
2825583
2826591
2827592
2828466
2829503
2830510
2831515
2832552
2833562
2835330
2836278
2837124
2838183
2839181
2840184
2841188
2842238
2843255
2844267
2845084
2846146
2847149
2848136
2849124
2850184
2851184
2852211
2853214
2854268
2855258
2856247
2857237
2859041
2860087
2861093
2862023
2863036
2864066
2865059
2866245
2867269
2868315
2869323
2870338
2871248
2872296
2873290
2874302
2875313
2876367
2877372
2878402
2879303
2880407
2881481
2883271
2884297
2885350
2886448
2887412
2888227
2889305
2890371
2891397
2892446
2893505
2894592
2895620
2896497
2897434
2898502
2899556
2900593
2901607
2902660
2903717
2904742
2905606
2906659
2908464
2909468
2910477
2911477
2912505
2913492
2914484
2915479
2916532
2917445
2918441
2919449
2920485
2921483
2922448
2923463
9177
163627
318363
468782
619136
770386
920777
1071113
1221428
1371744
1522060
1672375
1822688
1973022
2123336
2273681
2424008
2574360
2799398
2849134
2849896
2850607
2851353
2852056
2852773
2853487
2854104
2854821
2855528
2856239
2856956
2857667
2858372
2859064
2859682
2860405
2861132
2861812
2862525
2863261
2863968
2864677
2866248
2866978
2867692
2868402
2869116
2869824
2870540
2871247
2871839
2872999
2874129
2875252
2876370
2877526
2878608
2879723
2880630
2881748
2882929
2884049
2885171
2886227
2887405
2888533
2889436
2890326
2892319
2893368
2894379
2895384
2896406
2897452
2898264
2899274
2900201
2901237
2902244
2903239
2904235
2905269
2906068
2907068
2908064
2909105
2910113
2911110
2912107
2913146
2914160
2915984
2916983
2917980
2919017
2920014
2920994
2922001
2922942
2923959
2924957
2925965
2927006
2928033
2929040
2930047
2931055
2932046
2933048
2934047
2935094
2936102
2937108
2938115
2939558
2940596
2941456
2942466
2943501
2944509
2945506
2946516
2947355
2948378
2949391
2950440
2951480
2952449
2953436
2954422
2955263
2956286
2957291
2958295
2959320
2960310
2961300
2963062
2963950
2964978
2965984
2966977
2967968
2968955
2969967
2970975
2971859
2972921
2973924
2974921
2975923
2976960
2977978
2979030
2980036
2981138
2982163
2983197
2984219
2985333
2987157
2988184
2989002
2990071
2991158
2991952
2993023
2994040
2995125
2996174
2996943
2997973
2999046
3000084
3001113
3002122
3003080
3004121
3004866
3005907
3007000
3008039
3009055
3010070
3011858
3012585
3013318
3014335
3015394
3016403
3017361
3018347
3019385
3020384
3021140
3022155
3023201
3024211
3025210
3026210
10337
164443
319182
469556
619940
771122
921494
1071837
1222153
1372470
1522789
1673118
1823435
1973983
2124533
2274883
2425209
2575619
2783497
2825614
2826353
2827080
2827776
2828502
2829234
2829895
2830648
2831240
2831965
2832684
2833401
2834122
2834830
2835512
2836261
2836888
2837556
2838268
2838987
2839702
2840423
2841195
2843107
2843839
2844449
2845216
2845934
2846651
2847410
2848138
2848880
2850067
2851094
2852208
2853249
2854384
2855610
2856732
2857847
2858960
2860010
2861175
2862292
2863268
2864408
2865584
2866678
2867805
2869670
2870671
2871715
2872640
2873775
2874773
2875858
2876867
2877832
2878840
2879885
2880887
2881895
2882874
2883920
2884930
2885802
2886839
2887891
2888891
2889888
2890897
2891960
2893829
2894634
2895651
2896649
2897705
2898724
2899755
2900746
2901783
2902595
2903506
2904501
2905547
2906544
2907464
2908461
2909500
2910458
2911476
2912472
2913511
2914639
2915637
2917425
2918424
2919430
2920450
2921446
2922454
2923503
2924429
2925425
2926450
2927367
2928389
2929401
2930402
2931443
2932443
2933447
2934459
2935344
2936270
2937278
2938274
2939325
2941114
2942133
2943142
2944148
2945066
2945984
2946998
2947992
2949013
2950056
2951074
2952067
2953068
2953877
2954877
2955893
2956903
2957912
2958934
2960007
2961031
2961861
2962930
2964753
2965670
2966625
2967677
2968698
2969767
2970701
2971743
2972772
2973868
2974927
2975930
2976947
2978048
2978954
2979995
2981015
2982073
2983096
2984116
2985184
2986184
2987054
2988088
2989838
2990843
2991882
2992893
2993742
2994728
2995555
2996582
2997579
2998575
2999665
3000651
3001645
3002640
3003459
3004462
7550
162473
316151
466483
616803
767818
918138
1068392
1218647
1368955
1519262
1669571
1819884
1970320
2120751
2271181
2433768
2434156
2434880
2435488
2436195
2436911
2437627
2438234
2438961
2439421
2440148
2440850
2441589
2442326
2443041
2443796
2444514
2444988
2445704
2446456
2446953
2447673
2448398
2449108
2449891
2450372
2451072
2452983
2453703
2454413
2455119
2455892
2456608
2457230
2457958
2459078
2460209
2461326
2462496
2463609
2464735
2465851
2466753
2467921
2469041
2470161
2471290
2472451
2473573
2474697
2475599
2476731
2478713
2479714
2480712
2481718
2482707
2483705
2484709
2485717
2486719
2487726
2488893
2489897
2490901
2491963
2492965
2493974
2495014
2496059
2497056
2498014
2499012
2500086
2500906
2502716
2503715
2504725
2505721
2506723
2507718
2508715
2509517
2510542
2511539
2512578
2513576
2514573
2515571
2516618
2517462
2518479
2519476
2520515
2521513
2522512
2523508
2524554
2526003
2527031
2528039
2529045
2530075
2531075
2532073
2533074
2533984
2535005
2536015
2537022
2538072
2539069
2540063
2541054
2541962
2542990
2543996
2545017
2546046
2547037
2548028
2549832
2550714
2551718
2552722
2553715
2554706
2555698
2556555
2557564
2558477
2559487
2560488
2561483
2562508
2563510
2564517
2565308
2566394
2567416
2568432
2569454
2570442
2571494
2573312
2574240
2575327
2576421
2577466
2578496
2579578
2580628
2581690
2582479
2583564
2584648
2585687
2586755
2587794
2588816
2589707
2590503
2591386
2592450
2593534
2594550
2595591
2596607
2598434
2599195
2600269
2601248
2602268
2603253
2604237
2605238
2606108
2607111
2608107
2609115
2610153
2611150
2612158
2613168
10130
164919
319661
469993
620302
771292
921655
1072034
1222367
1372682
1522993
1673320
1823662
1973985
2124297
2274612
2424926
2647282
2675232
2675960
2676684
2677429
2678158
2678877
2679636
2680359
2681014
2681793
2682519
2683140
2683886
2684604
2685315
2686011
2686608
2687337
2688059
2688782
2689497
2690235
2690944
2691663
2693304
2694048
2694773
2695509
2696225
2696937
2697652
2698375
2699015
2700177
2701294
2702409
2703575
2704658
2705783
2706901
2707975
2709108
2710208
2711320
2712440
2713642
2714742
2715853
2716877
2718059
2720039
2721038
2722045
2723051
2724096
2725103
2725978
2726891
2727931
2728930
2729936
2730936
2731986
2732990
2733799
2734700
2735751
2736752
2737757
2738761
2739811
2740816
2741767
2743208
2744162
2745144
2746142
2747164
2748207
2749205
2750238
2751145
2752141
2753136
2754132
2755129
2756167
2757163
2758160
2759154
2760173
2761170
2762166
2763172
2764172
2765098
2766886
2767820
2768813
2769850
2770848
2771851
2772857
2773901
2774907
2775830
2776841
2777890
2778900
2779890
2780881
2781916
2782924
2783776
2784803
2785714
2786706
2787694
2788694
2790499
2791553
2792372
2793398
2794400
2795409
2796441
2797461
2798493
2799541
2800617
2801607
2802609
2803646
2804639
2805656
2806658
2807521
2808557
2809580
2810602
2811663
2812727
2814508
2815539
2816611
2817724
2818746
2819766
2820838
2821907
2822937
2823988
2824869
2825807
2826824
2827805
2828836
2829904
2830931
2831984
2832778
2833853
2834915
2835941
2836998
2838060
2839849
2840775
2841620
2842640
2843667
2844664
2845674
2846529
2847567
2848518
2849338
2850390
2851424
2852418
2853415
2854411
10156
168983
323748
474122
624512
775525
925839
1076249
1226688
1377128
1527557
1677994
1828338
1978754
2129282
2279897
2430343
2580799
2692379
2742404
2743209
2743934
2744681
2745394
2746152
2746866
2747665
2748335
2749050
2749854
2750565
2751333
2752072
2752808
2753518
2754227
2754820
2755601
2756315
2757091
2757810
2758565
2760488
2761233
2761820
2762591
2763306
2764061
2764775
2765535
2766254
2767370
2768300
2769286
2770412
2771594
2772716
2773895
2775017
2776178
2777080
2778288
2779182
2780361
2781487
2782645
2783799
2784964
2786493
2787566
2788572
2789498
2790496
2791494
2792452
2793449
2794240
2795254
2796355
2797431
2798440
2799451
2800561
2801439
2802439
2803434
2804469
2805466
2806461
2807456
2808451
2810318
2811349
2812345
2813380
2814415
2815450
2816447
2817501
2818507
2819389
2820199
2821191
2822232
2823278
2824189
2825236
2826275
2827313
2828124
2829183
2830027
2831019
2832019
2833809
2834820
2835863
2836659
2837663
2838664
2839699
2840705
2841745
2842747
2843861
2844651
2845665
2846651
2847718
2848705
2849786
2850794
2851838
2852795
2853792
2854783
2855832
2857691
2858701
2859706
2860712
2861696
2862706
2863744
2864736
2865829
2866851
2867904
2868897
2869883
2870846
2871892
2872909
2873955
2874979
2875967
2876910
2877994
2878774
2879848
2881443
2882524
2883585
2884709
2885734
2886760
2887530
2888559
2889589
2890580
2891671
2892736
2893754
2894876
2895920
2896999
2898026
2899127
2900213
2901227
2902327
2903352
2904148
2905163
2906952
2907953
2908993
2910045
2911087
2911787
2912538
2913522
2914563
2915573
2916617
2917660
2918709
2919705
2920711
2921583
10383
165152
318828
469134
619446
770436
920766
1071083
1221397
1371715
1522027
1672345
1822670
1972985
2123297
2273609
2373925
2474542
2490875
2491529
2492253
2492963
2493705
2494452
2495128
2495843
2496570
2497279
2498007
2498782
2499495
2500186
2500933
2501626
2502342
2503070
2503701
2504409
2505169
2505992
2506707
2507418
2509390
2509997
2510746
2511462
2512179
2512894
2513605
2514319
2515035
2515938
2517091
2518197
2519319
2520435
2521590
2522746
2523866
2524812
2525948
2527015
2528127
2529255
2530370
2531572
2532748
2533830
2535797
2536797
2537801
2538842
2539837
2540844
2541841
2542842
2543864
2544861
2545868
2547113
2548122
2549120
2550156
2551040
2552035
2553031
2554027
2555069
2556066
2557074
2558080
2559600
2560616
2561614
2562625
2563622
2564620
2565617
2566616
2567521
2568541
2569539
2570537
2571546
2572543
2573541
2574539
2575382
2576393
2577412
2578414
2579463
2580462
2581472
2583264
2584074
2585153
2586155
2587162
2588160
2589199
2590125
2591132
2591954
2593018
2594031
2594957
2595952
2596979
2597990
2599003
2599966
2601014
2602032
2603022
2604012
2605042
2606850
2607834
2608842
2609869
2610922
2611916
2612921
2613927
2614975
2615987
2616951
2617973
2619022
2620017
2621022
2622040
2623092
2624102
2625046
2625946
2627030
2628062
2629109
2630900
2631925
2633019
2634079
2634923
2635963
2637102
2638134
2639183
2640237
2641330
2642358
2643177
2644254
2645316
2646432
2647479
2648482
2649606
2650569
2651425
2652450
2653501
2654517
2656279
2657282
2658283
2659311
2660141
2661138
2662124
2663157
2664155
2665152
2666149
2667186
2668033
2669051
2670050
2671094
9593
168454
323212
473592
623971
775253
925654
1076131
1226565
1377002
1527438
1677882
1828343
1978782
2129217
2279658
2430098
2580536
2782743
2804561
2805296
2806008
2806718
2807428
2808180
2808903
2809614
2810315
2811044
2811765
2812520
2813251
2813960
2814651
2815373
2816046
2816790
2817509
2818231
2819016
2819726
2820442
2822357
2822961
2823649
2824371
2825088
2825819
2826542
2827262
2827988
2828886
2830024
2831154
2832323
2833449
2834570
2835719
2836690
2837594
2838730
2839854
2841077
2842253
2843379
2844512
2845602
2846661
2848661
2849696
2850681
2851677
2852723
2853541
2854538
2855367
2856329
2857256
2858261
2859258
2860296
2861295
2862293
2863292
2864250
2865205
2866202
2867198
2868234
2869231
2870229
2872040
2873040
2874052
2875060
2876053
2877054
2878052
2879065
2880066
2881065
2881907
2882923
2883924
2884934
2885935
2886933
2887869
2888913
2889710
2890748
2891757
2892800
2893799
2895600
2896599
2897595
2898438
2899450
2900487
2901482
2902520
2903521
2904522
2905399
2906242
2907254
2908242
2909223
2910249
2911250
2912255
2913260
2914119
2915129
2915915
2916946
2918755
2919765
2920781
2921795
2922740
2923702
2924714
2925733
2926802
2927817
2928835
2929837
2930866
2931823
2932827
2933844
2934916
2935936
2936973
2938005
2939031
2939980
2940967
2942757
2943803
2944904
2945960
2946974
2948007
2949080
2949940
2950963
2952010
2953058
2954117
2955134
2956072
2957098
2958163
2959193
2960238
2961255
2962313
2963382
2964406
2965423
2966191
2967655
2968657
2969657
2970697
2971682
2972676
2973665
2974417
2975413
2976417
2977429
2978485
2979494
2980499
2981501
2982256
10392
165181
320776
471148
621763
772986
923368
1073744
1224124
1374506
1524906
1675243
1825560
1975875
2126185
2276501
2426819
2577232
2727665
2939542
2990036
2991001
2991680
2992375
2993193
2993917
2994638
2995361
2996088
2996793
2997497
2998236
2998941
2999651
3000414
3001115
3001830
3002469
3003198
3003923
3004629
3005345
3007242
3007961
3008681
3009346
3010078
3010831
3011549
3012272
3013029
3014137
3015261
3016298
3017475
3018595
3019709
3020829
3021714
3022887
3024010
3024996
3026122
3027286
3028412
3029542
3030609
3031587
3033564
3034408
3035426
3036423
3037472
3038470
3039471
3040473
3041478
3042295
3043298
3044295
3045353
3046352
3047347
3048354
3049394
3050343
3051345
3052287
3053323
3054319
3055316
3057124
3058122
3058997
3059999
3060995
3061975
3063014
3064026
3065022
3066020
3067067
3068086
3069093
3070090
3071126
3072131
3073128
3074134
3075177
3076195
3077194
3078200
3079239
3081079
3082088
3082949
3083913
3084955
3085963
3086969
3087976
3089021
3090028
3091040
3091856
3092939
3093907
3094901
3095887
3096929
3097936
3098942
3099786
3100804
3101792
3102782
3104545
3105589
3106607
3107614
3108454
3109503
3110496
3111489
3112498
3113558
3114580
3115572
3116573
3117591
3118584
3119601
3120609
3121627
3122657
3123478
3124306
3125379
3126456
3128237
3129271
3130329
3131428
3132458
3133291
3134266
3135338
3136370
3137437
3138496
3139558
3140587
3141651
3142480
3143570
3144460
3145521
3146550
3147609
3148668
3149733
3150551
3151623
3153414
3154226
3155223
3156221
3157249
3158235
3159045
3160044
3161081
3162080
3163077
3164074
3165016
3166013
3166857
3167873
9096
163686
318430
468816
619462
770798
921204
1071611
1222018
1372728
1523061
1673381
1823662
1973918
2124175
2274433
2424741
2575050
2725352
2938821
2963322
2964046
2964779
2965489
2966202
2966952
2967711
2968428
2969022
2969805
2970514
2971244
2971998
2972706
2973310
2974075
2974679
2975409
2976206
2976926
2977642
2978381
2980328
2981053
2981651
2982369
2983086
2983771
2984490
2985212
2985932
2987052
2987986
2989110
2990237
2991362
2992567
2993727
2994845
2995960
2997094
2998275
2999396
3000545
3001658
3002773
3003942
3005072
3006920
3007940
3008951
3009865
3010876
3011872
3012882
3013943
3014733
3015748
3016746
3017785
3018797
3019795
3020804
3021861
3022682
3023629
3024635
3025675
3026693
3027690
3028722
3030574
3031395
3032430
3033449
3034482
3035495
3036502
3037521
3038522
3039497
3040510
3041526
3042525
3043537
3044329
3045335
3046375
3047202
3048220
3049217
3050281
3051276
3052272
3053984
3054996
3055956
3056974
3057970
3058980
3060022
3061032
3061934
3062958
3063916
3064883
3065885
3066887
3067917
3068904
3069904
3070923
3071843
3072857
3073849
3074841
3075867
3077685
3078714
3079722
3080497
3081493
3082489
3083494
3084494
3085504
3086525
3087557
3088315
3089338
3090344
3091343
3092395
3093406
3094394
3095417
3096342
3097372
3098403
3099482
3101355
3102415
3103463
3104518
3105419
3106476
3107538
3108559
3109579
3110625
3111712
3112736
3113634
3114706
3115546
3116564
3117581
3118624
3119694
3120729
3121765
3122803
3123927
3124946
3126711
3127713
3128722
3129770
3130679
3131588
3132605
3133600
3134608
3135615
3136572
3137574
3138574
3139373
3140411
3141419
10085
165043
319943
470624
621064
772373
922783
1073219
1223658
1374085
1524481
1674875
1825291
1975702
2126113
2276743
2427161
2577560
2728088
2878746
3029463
3180142
3330568
3481190
3590542
3691140
3839863
3890518
3941212
3991082
3991797
3992507
3993139
3993852
3994570
3995323
3995969
3996611
3997405
3998132
3998838
3999660
4001591
4002316
4003030
4003624
4004344
4004984
4005695
4006429
4007146
4008264
4009414
4010549
4011676
4012802
4013966
4015080
4016209
4017325
4018452
4019462
4020609
4021734
4022828
4024021
4025221
4026346
4028271
4029151
4030170
4031211
4032166
4033172
4034169
4035206
4036206
4037014
4038034
4039016
4040028
4041035
4042043
4043091
4044099
4044912
4045928
4046933
4047943
4048939
4049974
4051823
4052782
4053778
4054775
4055616
4056606
4057603
4058600
4059638
4060635
4061580
4062576
4063460
4064478
4065474
4066471
4067510
4068515
4069521
4070518
4071350
4072344
4073348
4075142
4076150
4077198
4078200
4079207
4080128
4081179
4082188
4083196
4084197
4085243
4086254
4087258
4088121
4089158
4090189
4091154
4092173
4093085
4094090
4095092
4095900
4096908
4098684
4099728
4100724
4101768
4102633
4103625
4104437
4105476
4106485
4107493
4108515
4109549
4110436
4111431
4112239
4113076
4114097
4115106
4116129
4117193
4118216
4119238
4120105
4121947
4122972
4124033
4125085
4126078
4127141
4128207
4129037
4130076
4131167
4132226
4133246
4134170
4135299
4136319
4137343
4138372
4139470
4140500
4141525
4142592
4143647
4144675
4146441
4147470
4148480
4149520
4150496
4151476
4152461
4153428
4154339
4155340
4156335
4157369
4158366
4159375
4160380
4161445
4162257
10146
164943
319690
470071
620445
771729
922052
1072564
1223202
1373855
1524506
1675145
1825828
1976234
2126618
2276962
2427397
2577735
2728159
2878768
3029295
3260004
3334978
3385439
3422998
3423755
3424464
3425177
3425935
3426655
3427302
3428060
3428735
3429456
3430171
3430896
3431614
3432337
3433067
3433770
3434530
3435249
3437197
3437954
3438685
3439407
3440126
3440765
3441508
3442223
3442942
3444136
3445252
3446254
3447381
3448326
3449447
3450591
3451713
3452833
3453994
3455111
3456224
3457140
3458303
3459420
3460536
3461647
3463344
3464384
3465382
3466225
3467261
3468298
3469298
3470295
3471292
3472332
3473333
3474142
3475160
3476219
3477226
3478292
3479301
3480292
3481299
3482212
3483226
3484325
3485355
3487166
3488167
3489172
3490210
3491093
3492111
3493109
3494148
3495155
3496162
3497160
3498065
3499039
3499991
3500992
3502030
3503025
3504032
3505042
3506080
3507076
3507953
3508953
3510785
3511827
3512825
3513843
3514841
3515810
3516624
3517628
3518627
3519692
3520695
3521694
3522698
3523767
3524574
3525569
3526571
3527624
3528641
3529648
3530620
3531658
3532502
3534279
3535298
3536363
3537374
3538398
3539391
3540364
3541209
3542239
3543249
3544295
3545288
3546292
3547287
3548293
3549315
3550360
3551368
3552429
3553450
3554472
3555491
3556548
3558377
3559397
3560447
3561495
3562516
3563586
3564660
3565682
3566704
3567824
3568872
3569884
3570891
3571998
3573038
3574066
3575084
3576176
3577203
3578221
3579287
3580146
3581064
3582042
3583799
3584696
3585739
3586740
3587749
3588745
3589594
3590617
3591500
3592506
3593503
3594514
3595511
3596509
3597333
3598351
10331
164815
319715
470122
620595
771824
922212
1072645
1223085
1373527
1523970
1674587
1825036
1975488
2125960
2276424
2426877
2577333
2767479
2788914
2789553
2790273
2790982
2791699
2792417
2793141
2793892
2794601
2795197
2795961
2796677
2797387
2798158
2798831
2799545
2800259
2800977
2801685
2802415
2803133
2803846
2804550
2806503
2807158
2807884
2808592
2809283
2809997
2810712
2811421
2812157
2813276
2814461
2815575
2816686
2817855
2818974
2820150
2821273
2822389
2823528
2824689
2825815
2826952
2828079
2829204
2830299
2831420
2833364
2834370
2835415
2836463
2837463
2838490
2839334
2840285
2841284
2842285
2843303
2844339
2845348
2846354
2847175
2848220
2849218
2850256
2851248
2852254
2853246
2854073
2855079
2856929
2857969
2858976
2859972
2860952
2861991
2862816
2863825
2864821
2865817
2866814
2867811
2868807
2869822
2870706
2871713
2872720
2873729
2874737
2875740
2876765
2877773
2878656
2880461
2881468
2882517
2883526
2884543
2885549
2886589
2887577
2888588
2889608
2890444
2891446
2892447
2893435
2894414
2895219
2896238
2897243
2898307
2899314
2900349
2901191
2902219
2903618
2904564
2905582
2906620
2907623
2908614
2909606
2910542
2911364
2912373
2913380
2914426
2915421
2916434
2917427
2918498
2919321
2920349
2921370
2922433
2923460
2924483
2925555
2927379
2928450
2929523
2930578
2931526
2932625
2933688
2934709
2935733
2936748
2937778
2938799
2939826
2940917
2941980
2943010
2944037
2945046
2946141
2947166
2948233
2949252
2950339
2951353
2952999
2953771
2954788
2955521
2956504
2957489
2958516
2959502
2960507
2961249
2962297
2963306
2964302
2965299
2966337
2967334
10282
165237
319995
470370
620746
771768
922084
1072420
1222809
1373203
1523540
1673856
1824171
1974487
2124804
2275316
2425679
2575994
2810042
2888874
2939534
2990181
3040820
3051451
3051911
3052484
3053202
3053901
3054616
3055322
3056036
3056749
3057229
3057963
3058671
3059386
3060080
3060807
3061560
3062278
3062774
3063486
3065374
3066107
3066818
3067570
3068283
3069010
3069569
3070118
3070849
3071956
3073075
3074196
3075322
3076482
3077654
3078564
3079724
3080878
3082014
3083136
3084261
3085391
3086525
3087712
3088840
3089961
3091894
3092906
3093957
3094979
3095976
3096980
3098052
3099050
3100082
3101075
3102130
3103126
3104123
3105041
3106090
3107088
3108084
3109080
3110128
3111123
3112118
3113114
3114175
3116047
3117046
3118042
3119040
3120079
3121077
3121925
3122920
3123986
3124985
3125992
3126995
3128053
3129060
3130064
3130873
3131944
3132946
3133943
3134943
3135993
3137011
3138012
3139683
3140704
3141766
3142763
3143774
3144772
3145810
3146817
3147813
3148814
3149894
3150887
3151886
3152875
3153922
3154918
3155879
3156892
3157949
3158954
3159944
3160935
3161960
3163765
3164701
3165727
3166743
3167774
3168778
3169770
3170762
3171821
3172757
3173764
3174765
3175800
3176805
3177808
3178824
3179826
3180845
3181688
3182731
3183808
3184831
3185905
3187687
3188720
3189823
3190712
3191754
3192774
3193876
3194907
3195928
3196976
3198067
3198896
3199968
3201020
3202069
3203087
3203893
3204938
3205995
3206970
3207898
3208913
3209967
3210984
3212730
3213709
3214722
3215721
3216721
3217706
3218691
3219721
3220717
3221710
3222708
3223563
3224531
3225402
3226412
3227419
10232
165187
319934
470304
620668
771870
922404
1072944
1223479
1374028
1524564
1675101
1825644
1976180
2126703
2277237
2427766
2644430
2658266
2659022
2659735
2660443
2661181
2661789
2662521
2663240
2663903
2664640
2665350
2666061
2666772
2667484
2668194
2668888
2669598
2670309
2671052
2671769
2672397
2673109
2673819
2674537
2676446
2677059
2677799
2678521
2679235
2679956
2680738
2681461
2682172
2683188
2684326
2685448
2686575
2687703
2688862
2689991
2691123
2692020
2693066
2694181
2695306
2696423
2697586
2698740
2699928
2700833
2702777
2703649
2704682
2705680
2706677
2707686
2708722
2709535
2710538
2711534
2712325
2713327
2714313
2715359
2716366
2717285
2718304
2719350
2720347
2721367
2722366
2723368
2724374
2726010
2727031
2728036
2729070
2730127
2731128
2732126
2733146
2733972
2734977
2735984
2737024
2738032
2739042
2740052
2741103
2741927
2742945
2743831
2744870
2745881
2746737
2747733
2749616
2750419
2751421
2752416
2753452
2754450
2755458
2756453
2757452
2758268
2759285
2760287
2761329
2762327
2763324
2764117
2765168
2765999
2767028
2768031
2769072
2770065
2771056
2772820
2773799
2774812
2775814
2776815
2777809
2778845
2779848
2780866
2781782
2782798
2783813
2784775
2785772
2786821
2787830
2788849
2789869
2790892
2791937
2792961
2793993
2795093
2796921
2797945
2798994
2799805
2800858
2801875
2802935
2803955
2805017
2806063
2807120
2807877
2808935
2809995
2811012
2812029
2813088
2814136
2814904
2815648
2816745
2817762
2818776
2819792
2821582
2822624
2823624
2824436
2825441
2826424
2827412
2828401
2829441
2830447
2831453
2832208
2833261
2834257
2835264
2836261
9370
164157
318886
469248
619623
770642
920958
1071276
1221623
1371989
1522320
1672636
1822967
1973282
2123595
2273911
2424317
2574656
2674971
2728084
2755912
2756627
2757338
2758042
2758762
2759415
2760135
2760856
2761472
2762204
2762954
2763666
2764389
2765134
2765858
2766567
2767210
2767930
2768646
2769418
2770136
2770847
2772755
2773488
2774079
2774813
2775410
2776119
2776896
2777622
2778344
2779419
2780439
2781637
2782756
2783882
2785002
2786004
2787184
2788303
2789285
2790421
2791581
2792710
2793832
2794811
2795901
2797079
2798966
2800033
2801037
2802032
2803069
2804076
2805080
2806076
2807033
2808039
2809034
2810030
2811109
2812108
2813116
2814155
2815117
2816134
2817135
2818131
2819170
2820166
2821163
2822973
2823787
2824803
2825809
2826655
2827691
2828697
2829697
2830706
2831557
2832570
2833569
2834575
2835617
2836617
2837623
2838629
2839630
2840662
2841661
2842658
2843694
2844703
2846488
2847523
2848445
2849502
2850497
2851491
2852486
2853522
2854528
2855539
2856386
2857435
2858450
2859447
2860434
2861461
2862463
2863470
2864322
2865384
2866375
2867343
2868335
2870140
2871190
2872201
2873216
2874230
2875301
2876298
2877303
2878314
2879365
2880384
2881211
2882129
2883183
2884200
2885217
2886227
2887286
2888176
2889208
2890041
2891116
2892194
2893988
2895013
2896086
2897204
2898199
2899227
2900334
2901396
2902415
2903461
2904509
2905562
2906577
2907436
2908461
2909528
2910545
2911593
2912609
2913664
2914722
2915550
2916541
2917619
2919322
2920347
2921346
2922357
2923394
2924200
2925197
2926186
2927237
2928245
2929114
2930146
2931201
2932014
2933028
2934030
10312
168832
323689
474073
624463
775740
926280
1076719
1227160
1377620
1528161
1678598
1829009
1979432
2129864
2280310
2430765
2724638
2772916
2773692
2774409
2775021
2775649
2776363
2777079
2777832
2778567
2779279
2780011
2780744
2781340
2782081
2782785
2783487
2784204
2784921
2785637
2786357
2787084
2787807
2788477
2789212
2791119
2791845
2792559
2793283
2794009
2794724
2795324
2795989
2796732
2797901
2799058
2800210
2801298
2802436
2803373
2804489
2805603
2806726
2807884
2809003
2810115
2811149
2812313
2813447
2814571
2815688
2817627
2818626
2819663
2820660
2821577
2822574
2823632
2824631
2825640
2826640
2827681
2828681
2829683
2830524
2831444
2832449
2833479
2834486
2835527
2836545
2837551
2838551
2839364
2841189
2842145
2843144
2844184
2845189
2846196
2847194
2848041
2848956
2850007
2850991
2852028
2853034
2854029
2855036
2856069
2856882
2857877
2858874
2859933
2860929
2861864
2862861
2864691
2865551
2866428
2867437
2868434
2869431
2870434
2871431
2872437
2873438
2874252
2875272
2876317
2877315
2878305
2879301
2880352
2881365
2882128
2883151
2884183
2885184
2886180
2887953
2888964
2890021
2890760
2891727
2892730
2893774
2894776
2895785
2896811
2897859
2898847
2899823
2900810
2901838
2902671
2903673
2904412
2905438
2906459
2907490
2908521
2909628
2911409
2912301
2913071
2914175
2915197
2916217
2917315
2918375
2919397
2920444
2921498
2922531
2923591
2924661
2925639
2926667
2927727
2928774
2929757
2930795
2931897
2932748
2933672
2934709
2936502
2937543
2938418
2939430
2940429
2941420
2942436
2943422
2944434
2945442
2946312
2947330
2948327
2949324
2950354
2951349
10012
164644
319386
469711
620036
771182
921590
1072051
1222515
1372857
1523448
1673887
1824325
1974976
2125612
2276148
2426533
2576986
2727587
2878224
3110516
3210966
3288821
3339458
3390088
3440785
3443951
3444727
3445436
3446149
3446970
3447644
3448355
3449067
3449796
3450506
3451216
3451921
3452639
3453364
3454078
3454790
3456602
3457333
3458042
3458757
3459486
3460210
3460925
3461633
3462301
3463434
3464469
3465593
3466762
3467895
3469025
3470151
3471135
3472274
3473403
3474524
3475651
3476824
3477954
3478997
3479899
3481066
3483046
3484056
3485057
3486096
3487183
3488189
3489193
3490162
3491210
3492209
3493206
3494245
3495284
3496283
3497246
3498264
3499258
3500300
3501293
3502288
3503378
3504375
3505187
3506996
3507989
3509024
3510016
3511012
3512004
3512959
3513966
3514963
3515955
3516986
3517992
3518925
3519916
3520755
3521752
3522759
3523758
3524806
3525816
3526820
3527827
3528666
3530353
3531363
3532364
3533408
3534319
3535317
3536128
3537205
3538205
3539047
3540049
3541104
3542107
3543095
3543911
3544957
3545959
3546966
3547972
3549019
3550045
3550959
3551944
3553791
3554837
3555844
3556850
3557848
3558881
3559801
3560761
3561779
3562825
3563832
3564820
3565815
3566844
3567655
3568547
3569557
3570506
3571529
3572554
3573579
3574667
3575603
3577397
3578432
3579482
3580663
3581691
3582711
3583771
3584666
3585708
3586766
3587824
3588884
3589799
3590869
3591911
3592770
3593806
3594864
3595893
3596959
3598018
3599035
3600087
3600948
3602601
3603620
3604618
3605616
3606638
3607622
3608607
3609591
3610550
3611417
3612431
3613440
3614437
3615456
3616453
3617407
10242
165402
320320
470704
621077
772100
922721
1073165
1223629
1374071
1524512
1674860
1825274
1975716
2126164
2276784
2427405
2577926
2867684
2896564
2897059
2897751
2898462
2898986
2899762
2900434
2901162
2901912
2902439
2903154
2903897
2904609
2905328
2906064
2906787
2907513
2908072
2908739
2909444
2910164
2910893
2911598
2913526
2914242
2914812
2915533
2916243
2916951
2917683
2918390
2919119
2920223
2921045
2922203
2923334
2924448
2925580
2926691
2927872
2928986
2930116
2931246
2932422
2933580
2934647
2935772
2936900
2938081
2939669
2940679
2941693
2942690
2943742
2944739
2945749
2946746
2947820
2948832
2949867
2950868
2951907
2952905
2953900
2954831
2955876
2956888
2957885
2958855
2959888
2960899
2961891
2963416
2964424
2965435
2966425
2967435
2968430
2969427
2970341
2971197
2972238
2973258
2974257
2975304
2976346
2977356
2978358
2979175
2980217
2981225
2982222
2983228
2984278
2985297
2987137
2988072
2989079
2990164
2991159
2992170
2993168
2994222
2995220
2996148
2997173
2998262
2999265
3000297
3001284
3002308
3003309
3004163
3005174
3006220
3007223
3008223
3009226
3011051
3012103
3013069
3014096
3015087
3016138
3017111
3018126
3019136
3020070
3020928
3021878
3022885
3023941
3024936
3025965
3026984
3028054
3029079
3029993
3031035
3032060
3033127
3034963
3035997
3037089
3038129
3039171
3040201
3041285
3042286
3043332
3044390
3045453
3046473
3047531
3048632
3049695
3050708
3051722
3052768
3053783
3054810
3055920
3056909
3057950
3059006
3060820
3061864
3062863
3063872
3064856
3065810
3066807
3067833
3068829
3069881
3070877
3071795
3072781
3073700
3074706
3075724
10350
164712
318392
468703
619011
770011
920327
1070641
1220957
1371269
1521583
1671900
1822278
1972582
2122916
2273231
2465650
2466377
2467102
2467824
2468545
2469240
2469951
2470670
2471417
2472037
2472753
2473465
2474185
2474904
2475587
2476343
2477052
2477671
2478456
2479169
2479884
2480637
2481357
2482082
2482806
2483497
2484249
2486142
2486867
2487592
2488310
2489031
2489748
2490442
2491201
2492365
2493516
2494631
2495749
2496901
2498031
2498937
2500101
2501230
2502381
2503530
2504651
2505765
2506920
2507851
2508976
2510095
2511891
2512931
2513922
2514920
2515916
2516765
2517784
2518790
2519786
2520831
2521838
2522762
2523772
2524775
2525791
2526798
2527797
2528842
2529849
2530848
2531853
2532729
2533564
2535382
2536393
2537400
2538436
2539448
2540454
2541267
2542320
2543319
2544316
2545325
2546375
2547395
2548393
2549314
2550392
2551386
2552383
2553379
2554494
2555490
2556497
2557344
2559211
2560209
2561214
2562220
2563218
2564109
2565104
2565916
2566970
2567983
2568984
2569985
2571027
2572015
2573006
2573808
2574719
2575727
2576732
2577737
2578773
2579767
2580758
2582147
2583195
2584037
2585045
2586047
2587084
2588085
2589081
2589872
2590953
2591972
2593005
2594001
2594908
2595913
2596932
2597699
2598761
2599830
2600844
2601866
2602929
2603993
2605784
2606715
2607771
2608887
2609905
2610926
2611986
2613043
2614039
2614952
2616006
2617062
2618079
2619139
2620157
2621175
2622195
2623037
2624074
2624927
2625984
2627001
2628027
2629093
2630890
2631710
2632631
2633649
2634656
2635652
2636638
2637634
2638683
2639690
2640516
2641526
2642565
2643563
2644561
2645475
10111
164345
318012
468320
618630
769652
919972
1070286
1220599
1370915
1521258
1671590
1821905
1972232
2122547
2272862
2466165
2468492
2469188
2469898
2470507
2471224
2471901
2472615
2473348
2473923
2474654
2475368
2476084
2476799
2477462
2478184
2478898
2479495
2480246
2480964
2481676
2482393
2483112
2483823
2484541
2485132
2485868
2487795
2488500
2489242
2489965
2490680
2491269
2491992
2492705
2493856
2494977
2496072
2497200
2498316
2499346
2500517
2501649
2502763
2503915
2505050
2506031
2507159
2508099
2509272
2510390
2511505
2513468
2514476
2515550
2516549
2517431
2518436
2519475
2520472
2521471
2522478
2523527
2524535
2525461
2526341
2527384
2528390
2529390
2530389
2531451
2532459
2533460
2534303
2535343
2537100
2538103
2539103
2540110
2541153
2542150
2543026
2544075
2545086
2546093
2547090
2548103
2549102
2550138
2550954
2552028
2553036
2554035
2555040
2556039
2557045
2558044
2559048
2560870
2561915
2562912
2563909
2564907
2565972
2566842
2567643
2568568
2569609
2570611
2571616
2572629
2573667
2574660
2575534
2576558
2577526
2578542
2579546
2580547
2581584
2582586
2584114
2585148
2586086
2587070
2588072
2589077
2590073
2591076
2591977
2592998
2594049
2595054
2596057
2597051
2597938
2598947
2599827
2600838
2601900
2602921
2603953
2604974
2606075
2607826
2608736
2609797
2610850
2611913
2612934
2613995
2615039
2616079
2617098
2618170
2619201
2620218
2621387
2622408
2623431
2624451
2625444
2626472
2627487
2628398
2629460
2630480
2631497
2633253
2634224
2635302
2636311
2637302
2638411
2639449
2640440
2641441
2642396
2643447
2644445
2645442
2646396
2647496
2648494
10414
164902
318522
468771
619022
769960
920277
1070589
1220902
1371220
1521601
1671915
1822231
1972546
2122861
2273174
2470677
2483861
2484586
2485239
2485957
2486673
2487365
2488090
2488808
2489275
2490044
2490765
2491479
2492189
2492894
2493608
2494317
2494877
2495630
2496345
2497064
2497788
2498508
2499223
2499970
2500554
2502509
2503224
2503943
2504661
2505370
2506088
2506801
2507399
2508120
2509238
2510384
2511546
2512685
2513802
2514918
2515905
2517036
2518153
2519263
2520417
2521389
2522507
2523625
2524536
2525708
2526710
2528678
2529681
2530691
2531760
2532761
2533722
2534733
2535789
2536831
2537837
2538843
2539878
2540887
2541805
2542826
2543876
2544875
2545841
2546848
2547863
2548874
2549713
2550700
2552596
2553644
2554651
2555615
2556610
2557544
2558360
2559365
2560364
2561360
2562367
2563364
2564362
2565359
2566173
2567187
2568155
2569153
2570150
2571148
2572187
2573188
2573993
2575843
2576853
2577674
2578670
2579669
2580676
2581726
2582540
2583558
2584564
2585608
2586620
2587634
2588556
2589584
2590357
2591371
2592398
2593404
2594450
2595451
2596443
2597435
2598995
2600046
2601065
2602111
2603101
2604095
2605088
2606118
2607137
2608163
2609156
2610210
2611205
2612221
2613216
2614261
2615152
2616170
2617202
2618125
2619158
2620192
2621256
2623118
2623983
2625015
2626078
2627103
2628160
2629222
2630255
2631283
2632133
2633201
2634224
2635245
2636348
2637371
2638395
2639319
2640163
2641198
2642194
2643251
2644307
2645337
2646364
2648152
2649096
2650087
2651082
2652065
2653049
2654076
2655062
2656058
2657054
2657930
2658935
2659941
2660941
2661978
2662975
9803
164279
319040
469375
619691
770674
921071
1071440
1221746
1372063
1522378
1672703
1823021
1973431
2123769
2274085
2424401
2475969
2480068
2480730
2481505
2482186
2482894
2483612
2484328
2485048
2485773
2486413
2487160
2487876
2488591
2489313
2490031
2490735
2491455
2492094
2492702
2493409
2494167
2494911
2495628
2496335
2497097
2498498
2499228
2499974
2500687
2501393
2502109
2502748
2503464
2504307
2505472
2506584
2507711
2508846
2509961
2511124
2512242
2513185
2514303
2515459
2516587
2517705
2518834
2519964
2521120
2521962
2523920
2524918
2525931
2526981
2527980
2528980
2529985
2530741
2531771
2532767
2533811
2534819
2535819
2536826
2537853
2538610
2539624
2540633
2541681
2542697
2543706
2544652
2545707
2547112
2548122
2549129
2550146
2551195
2552192
2553187
2554010
2554768
2555780
2556766
2557804
2558800
2559796
2560799
2561747
2562506
2563520
2564391
2565429
2566426
2567423
2568420
2570243
2571035
2572052
2573058
2573887
2574884
2575883
2576885
2577884
2578846
2579860
2580865
2581898
2582888
2583880
2584863
2585871
2586633
2587661
2588670
2589702
2590698
2591703
2593466
2594339
2595223
2596239
2597209
2598211
2599245
2600288
2601294
2602302
2603121
2604121
2604879
2605819
2606830
2607837
2608846
2609855
2610605
2611628
2612490
2613552
2614630
2616423
2617447
2618496
2619561
2620602
2621624
2622689
2623811
2624838
2625850
2626903
2627835
2628871
2629934
2630964
2631993
2633053
2634104
2635123
2636015
2637122
2638152
2639178
2640204
2642006
2643047
2644057
2644937
2645870
2646731
2647715
2648712
2649780
2650770
2651764
2652759
2653601
2654596
2655536
2656534
10398
165355
320257
470652
620987
771975
922289
1072603
1222913
1373243
1523560
1673878
1824195
1974508
2124874
2275203
2425612
2644383
2659294
2660024
2660735
2661489
2662198
2662920
2663642
2664354
2664993
2665674
2666385
2667108
2667820
2668529
2669235
2669930
2670648
2671375
2672094
2672829
2673546
2674268
2674990
2675712
2677429
2678173
2678888
2679610
2680322
2681084
2681805
2682533
2683205
2684335
2685458
2686583
2687742
2688860
2689983
2691107
2692082
2693242
2694361
2695476
2696668
2697828
2698954
2700109
2701047
2702172
2704156
2705195
2706211
2707177
2708174
2709251
2710064
2711082
2712078
2713150
2714148
2715144
2716151
2717188
2718035
2719050
2720057
2721111
2722113
2723110
2724116
2725152
2726084
2727903
2728943
2729950
2730962
2731968
2732975
2733975
2734856
2735874
2736716
2737776
2738776
2739776
2740783
2741829
2742832
2743841
2744838
2745890
2746899
2747846
2748844
2749912
2751715
2752721
2753717
2754714
2755767
2756764
2757654
2758654
2759496
2760506
2761521
2762544
2763587
2764574
2765560
2766560
2767408
2768354
2769370
2770374
2771407
2772402
2773402
2775171
2776023
2777093
2778101
2779103
2780101
2781136
2782133
2783145
2784162
2785235
2786197
2787208
2788207
2789238
2790257
2791272
2792250
2793324
2794355
2795390
2796422
2797526
2799164
2800224
2801087
2802139
2803197
2804217
2805278
2806310
2807395
2808312
2809169
2810151
2811222
2812282
2813301
2814318
2815376
2816425
2817448
2818278
2819278
2820295
2821312
2822348
2824148
2825195
2826205
2827109
2828118
2829178
2830174
2831169
2832175
2833217
2834225
2835037
2836047
2837095
2838136
2839143
10325
164824
319702
470099
620485
771493
921810
1072127
1222456
1372759
1523081
1673418
1823773
1974353
2124987
2275622
2426264
2576938
2727558
2877950
3119034
3251538
3279037
3279607
3280334
3281050
3281786
3282499
3283219
3283942
3284696
3285275
3285931
3286644
3287361
3288078
3288798
3289523
3290248
3290956
3291592
3292344
3294244
3294985
3295772
3296528
3297240
3297966
3298631
3299370
3300132
3301286
3302448
3303570
3304685
3305718
3306660
3307791
3308906
3310024
3311171
3312288
3313407
3314531
3315594
3316767
3317895
3318948
3320882
3321881
3322935
3323942
3324753
3325770
3326819
3327817
3328822
3329823
3330867
3331869
3332683
3333700
3334743
3335749
3336829
3337829
3338877
3339884
3340889
3341911
3342972
3344830
3345818
3346717
3347702
3348750
3349747
3350732
3351728
3352762
3353758
3354738
3355734
3356770
3357774
3358783
3359780
3360818
3361815
3362812
3363808
3364846
3365630
3366627
3368417
3369417
3370467
3371465
3372467
3373478
3374233
3375249
3376251
3377257
3378297
3379302
3380307
3381297
3382125
3383133
3384145
3385200
3386210
3387125
3388117
3389106
3390067
3391852
3392862
3393870
3394930
3395923
3396925
3397926
3398916
3399989
3401011
3402030
3403056
3404051
3405049
3406040
3406894
3407870
3408879
3409904
3410967
3411990
3413012
3414075
3415650
3416740
3417793
3418845
3419865
3420920
3421994
3422929
3423830
3424937
3426008
3427036
3428064
3429160
3430185
3431212
3432075
3433180
3434205
3435234
3436301
3437322
3438211
3439227
3440675
3441593
3442658
3443677
3444664
3445650
3446680
3447667
3448672
3449654
3450676
3451694
3452691
3453688
3454726
3455722
10363
165317
320424
470824
621223
772547
922892
1073417
1223765
1374081
1524491
1674831
1825147
1975500
2125820
2276136
2426464
2576787
2696414
2807690
2817972
2818701
2819419
2820136
2820844
2821567
2822283
2823002
2823595
2824337
2825059
2825772
2826499
2827209
2827928
2828608
2829270
2829990
2830716
2831471
2832199
2832928
2834926
2835700
2836399
2837135
2837866
2838590
2839430
2840143
2840862
2842023
2843007
2844186
2845355
2846478
2847617
2848738
2849784
2850891
2852002
2853118
2854234
2855383
2856502
2857617
2858729
2859889
2861901
2862900
2863893
2864884
2865915
2866738
2867736
2868729
2869776
2870793
2871639
2872657
2873707
2874720
2875718
2876722
2877764
2878771
2879586
2880551
2881608
2882607
2883579
2885413
2886431
2887487
2888495
2889468
2890391
2891486
2892495
2893504
2894501
2895540
2896538
2897535
2898382
2899432
2900460
2901408
2902404
2903439
2904435
2905442
2906253
2907312
2909120
2910119
2911116
2912113
2913040
2914036
2914849
2915904
2916902
2917902
2918926
2919968
2920926
2921920
2922724
2923767
2924772
2925787
2926801
2927852
2928851
2929852
2930671
2932362
2933421
2934431
2935440
2936329
2937365
2938359
2939169
2940216
2941085
2942111
2943104
2944110
2945105
2946109
2947082
2948114
2949123
2950189
2951211
2952259
2953264
2954339
2956150
2957051
2958160
2959214
2960243
2961263
2962294
2963358
2964394
2965243
2966310
2967373
2968391
2969450
2970469
2971531
2972558
2973404
2974443
2975518
2976579
2977598
2978623
2979684
2981464
2982280
2983285
2984306
2985383
2986370
2987403
2988392
2989433
2990245
2991259
2992078
2993075
2994094
2995103
2996133
10464
165247
319856
470202
620485
771469
921775
1072082
1222386
1372703
1523018
1673332
1823648
1973959
2124274
2274590
2424905
2525220
2563932
2564652
2565356
2566114
2566826
2567536
2568255
2568972
2569616
2570348
2571067
2571786
2572503
2573214
2573957
2574664
2575304
2576041
2576759
2577476
2578197
2578926
2579647
2580363
2581869
2582510
2583236
2583962
2584677
2585397
2586114
2586832
2587552
2588456
2589538
2590663
2591838
2592965
2594094
2595213
2596370
2597273
2598410
2599560
2600675
2601827
2602872
2603998
2605124
2606063
2607851
2608867
2609864
2610861
2611900
2612817
2613813
2614831
2615881
2616902
2617913
2618910
2619950
2620949
2621956
2622954
2624021
2625043
2626054
2627060
2628101
2629107
2630109
2631925
2632929
2633955
2634965
2635972
2637009
2638055
2639060
2640068
2640880
2641925
2642938
2643944
2644941
2646042
2647051
2648070
2648839
2649923
2650927
2651922
2652917
2653716
2655504
2656503
2657264
2658261
2659270
2660281
2661300
2662350
2663358
2664360
2665371
2666157
2667176
2668163
2669151
2670180
2671183
2672198
2673205
2674158
2675028
2676026
2676898
2678726
2679776
2680788
2681805
2682798
2683839
2684708
2685714
2686732
2687783
2688800
2689797
2690794
2691841
2692721
2693738
2694538
2695556
2696579
2697602
2698635
2699726
2700747
2702534
2703557
2704608
2705659
2706679
2707698
2708759
2709743
2710681
2711749
2712797
2713855
2714882
2715932
2716951
2718019
2718961
2720028
2721054
2722118
2723179
2724205
2725045
2726102
2727553
2728478
2729497
2730543
2731540
2732529
2733524
2734528
2735535
2736338
2737354
2738399
2739400
2740401
2741403
2742448
10308
165252
320431
470816
621204
772477
922817
1073136
1223451
1373768
1524101
1674455
1824789
1975104
2125417
2275734
2426053
2576479
2694291
2803047
2808694
2809419
2810130
2810858
2811564
2812279
2813004
2813718
2814392
2815052
2815778
2816489
2817196
2817929
2818646
2819356
2820114
2820752
2821491
2822252
2822966
2823683
2825579
2826378
2827092
2827685
2828430
2829038
2829761
2830487
2831214
2832321
2833444
2834423
2835542
2836661
2837788
2838917
2839903
2841032
2842147
2843180
2844359
2845478
2846594
2847714
2848831
2850014
2851998
2852894
2853898
2854894
2855929
2856927
2857924
2858918
2859945
2860937
2861927
2862922
2863957
2864954
2865951
2866937
2867975
2868972
2869965
2871017
2872064
2873084
2874086
2875892
2876923
2877967
2878988
2879995
2880870
2881918
2882917
2883724
2884625
2885623
2886622
2887629
2888676
2889681
2890690
2891711
2892721
2893717
2894715
2895712
2896710
2897717
2899550
2900352
2901285
2902336
2903333
2904329
2905325
2906360
2907318
2908230
2909273
2910316
2911318
2912315
2913301
2914355
2915357
2916246
2917271
2918317
2919250
2920243
2921186
2922993
2924053
2924872
2925896
2926900
2927934
2928936
2929930
2930898
2931955
2932774
2933786
2934789
2935836
2936831
2937840
2938860
2939921
2940723
2941535
2942598
2943622
2944686
2946468
2947491
2948599
2949423
2950439
2951458
2952553
2953573
2954593
2955639
2956731
2957529
2958566
2959624
2960701
2961719
2962616
2963663
2964693
2965716
2966794
2967808
2968835
2969891
2971638
2972650
2973661
2974667
2975676
2976673
2977662
2978665
2979668
2980674
2981712
2982557
2983560
2984565
2985569
2986616
9214
164149
318896
469278
619649
770882
921256
1071591
1221906
1372428
1522763
1673080
1823396
1973712
2124025
2274353
2424767
2575107
2675425
2734768
2737721
2738494
2739223
2739939
2740660
2741323
2742058
2742757
2743222
2743944
2744658
2745370
2746103
2746807
2747521
2747983
2748435
2749151
2749895
2750638
2751365
2752074
2754057
2754795
2755502
2756232
2756852
2757573
2758280
2758996
2759716
2760832
2761945
2762952
2763870
2764997
2766091
2767207
2768379
2769496
2770611
2771734
2772810
2773928
2775053
2776172
2777293
2778457
2780446
2781455
2782451
2783473
2784521
2785529
2786535
2787541
2788591
2789593
2790594
2791403
2792458
2793466
2794475
2795484
2796523
2797517
2798515
2799507
2800530
2801525
2802545
2804015
2805013
2806009
2806794
2807829
2808863
2809861
2810857
2811854
2812717
2813722
2814496
2815500
2816443
2817399
2818396
2819392
2820430
2821430
2822210
2823236
2824304
2825303
2827097
2828099
2829101
2830157
2831163
2832175
2833182
2834222
2835222
2836232
2837266
2838345
2839369
2840367
2841359
2842390
2843394
2844283
2845290
2846357
2847318
2848342
2849331
2851163
2852215
2853222
2854102
2855092
2855845
2856850
2857842
2858890
2859907
2860915
2861917
2862953
2863763
2864584
2865591
2866648
2867664
2868686
2869717
2870783
2871557
2872636
2874419
2875443
2876576
2877648
2878671
2879708
2880506
2881543
2882566
2883617
2884712
2885436
2886452
2887545
2888316
2889373
2890401
2891452
2892511
2893548
2894514
2895541
2896340
2897371
2899126
2900164
2901162
2902215
2903098
2904083
2904807
2905796
2906793
2907788
2908832
2909829
2910825
2911821
2912604
2913619
10376
165504
320412
470746
621054
772033
922378
1072710
1223055
1373387
1523704
1674243
1824579
1974895
2125225
2275557
2425945
2576355
2726753
2831240
2970481
3001454
3002155
3002865
3003573
3004284
3004991
3005706
3006317
3006978
3007694
3008411
3009165
3009865
3010576
3011318
3012028
3012641
3013420
3014136
3014845
3015607
3017502
3018237
3018962
3019583
3020263
3020974
3021689
3022415
3023143
3024252
3025446
3026355
3027501
3028381
3029552
3030686
3031814
3032945
3034114
3035224
3036362
3037468
3038600
3039757
3040891
3042020
3043956
3044879
3045936
3046944
3047957
3049012
3050054
3051061
3052056
3052903
3053942
3054938
3055935
3056932
3057951
3058955
3059945
3060827
3061866
3062863
3063859
3064855
3065889
3067743
3068742
3069663
3070688
3071725
3072722
3073719
3074727
3075767
3076778
3077621
3078638
3079678
3080676
3081675
3082675
3083715
3084559
3085586
3086593
3087637
3088645
3089641
3091431
3092427
3093267
3094272
3095282
3096276
3097317
3098313
3099311
3100343
3101336
3102314
3103324
3104323
3105352
3106354
3107356
3108370
3109417
3110309
3111305
3112307
3113339
3115152
3116160
3117167
3118173
3119215
3120224
3121103
3122106
3123160
3124170
3125182
3126177
3127220
3128219
3129093
3130133
3131061
3132081
3133106
3134129
3135194
3136222
3137085
3138878
3139944
3140905
3141965
3142988
3144009
3145151
3146064
3147108
3148157
3149265
3150321
3151339
3152410
3153478
3154318
3155341
3156389
3157448
3158465
3159533
3160548
3161610
3162439
3164231
3165234
3166234
3167274
3168262
3169258
3170252
3171061
3171840
3172836
3173879
3174888
3175896
3176892
3177957
3178957
10267
164905
319817
470219
620607
771890
922285
1072609
1222925
1373241
1523566
1673881
1824233
1974567
2124893
2275211
2425521
2576038
2783471
2811865
2812602
2813313
2814021
2814731
2815450
2816173
2816924
2817519
2818247
2819003
2819718
2820433
2821189
2821893
2822608
2823230
2823960
2824673
2825390
2826119
2826834
2827501
2829446
2830166
2830778
2831503
2832222
2832939
2833657
2834381
2835102
2836222
2837429
2838558
2839444
2840580
2841730
2842887
2843960
2845048
2846187
2847351
2848487
2849861
2850974
2852095
2853221
2854332
2856271
2857269
2858266
2859309
2860305
2861292
2862173
2863202
2864199
2865190
2866186
2867230
2868228
2869220
2870032
2871057
2872068
2873059
2874060
2875101
2876107
2877098
2877911
2879769
2880690
2881683
2882689
2883686
2884692
2885689
2886501
2887546
2888554
2889549
2890549
2891581
2892589
2893591
2894513
2895574
2896573
2897586
2898584
2899662
2900445
2901449
2902866
2903872
2904909
2905906
2906903
2907902
2908902
2909922
2910878
2911887
2912928
2913930
2914940
2915926
2916952
2917940
2918853
2919878
2920940
2921953
2922945
2923944
2924975
2926749
2927568
2928597
2929614
2930600
2931596
2932587
2933631
2934643
2935465
2936484
2937525
2938524
2939526
2940529
2941377
2942388
2943209
2944249
2945336
2946370
2947405
2948477
2950336
2951359
2952288
2953357
2954377
2955444
2956506
2957535
2958554
2959643
2960568
2961597
2962613
2963710
2964729
2965565
2966583
2967681
2968452
2969484
2970551
2971597
2972623
2973640
2975399
2976406
2977164
2978183
2979181
2980176
2981177
2982162
2983101
2984103
2984861
2985870
2986871
2987868
2988919
2989919
10120
164627
319358
469894
620244
771556
922090
1072632
1223181
1373716
1524247
1674784
1825318
1975902
2126417
2277052
2427578
2548366
2627219
2627650
2628373
2629095
2629864
2630587
2631306
2632037
2632765
2633385
2634117
2634841
2635557
2636274
2636994
2637577
2638296
2638894
2639616
2640333
2641058
2641768
2642488
2643205
2645116
2645672
2646397
2647114
2647755
2648465
2649177
2649926
2650640
2651480
2652585
2653724
2654840
2656001
2657127
2658251
2659369
2660173
2661283
2662422
2663544
2664664
2665833
2666951
2668075
2668890
2670874
2671915
2672915
2673911
2674917
2675967
2676972
2677815
2678823
2679785
2680792
2681797
2682803
2683872
2684880
2685636
2686644
2687692
2688639
2689638
2690604
2691652
2692652
2694379
2695391
2696388
2697395
2698393
2699389
2700423
2701417
2702410
2703406
2704391
2705386
2706382
2707379
2708375
2709255
2710259
2711257
2712293
2713290
2714286
2715283
2716316
2717894
2718902
2719899
2720873
2721913
2722902
2723907
2724912
2725993
2727006
2728004
2729027
2730162
2731154
2732160
2733151
2734195
2735215
2736223
2737229
2738263
2739264
2740298
2741750
2742570
2743631
2744650
2745653
2746658
2747644
2748649
2749695
2750620
2751624
2752626
2753619
2754612
2755643
2756651
2757659
2758602
2759622
2760657
2761555
2762577
2763676
2765511
2766536
2767596
2768450
2769530
2770552
2771420
2772441
2773505
2774558
2775617
2776483
2777558
2778628
2779657
2780725
2781793
2782843
2783864
2784885
2785998
2787015
2788030
2789055
2790871
2791931
2792934
2793901
2794895
2795924
2796910
2797905
2798912
2799978
2800970
2801793
2802789
2803821
2804819
2805815
10364
164999
319767
470198
620582
771585
921915
1072246
1222562
1372880
1523193
1673513
1823830
1974139
2124455
2274771
2425085
2602253
2602983
2603690
2604402
2605111
2605825
2606532
2607254
2607843
2608557
2609269
2609979
2610688
2611395
2612121
2612830
2613534
2614305
2615014
2615741
2616510
2617223
2617944
2618683
2619349
2621251
2621983
2622696
2623421
2624138
2624856
2625586
2626288
2627022
2628167
2629289
2630414
2631538
2632568
2633684
2634757
2635897
2637056
2638236
2639358
2640479
2641602
2642567
2643668
2644808
2645925
2647867
2648944
2649987
2650948
2651960
2652923
2653866
2654873
2655870
2656907
2657903
2658908
2659906
2660948
2661801
2662806
2663726
2664764
2665771
2666775
2667772
2668803
2669684
2671398
2672408
2673415
2674459
2675459
2676469
2677476
2678321
2679330
2680337
2681345
2682399
2683408
2684344
2685345
2686254
2687266
2688216
2689216
2690266
2691273
2692272
2693268
2694778
2695797
2696806
2697814
2698859
2699926
2700929
2701925
2702772
2703779
2704716
2705660
2706702
2707691
2708679
2709667
2710657
2711685
2712691
2713709
2714737
2715728
2716720
2718484
2719305
2720370
2721386
2722392
2723385
2724428
2725408
2726429
2727250
2728333
2729338
2730345
2731349
2732392
2733403
2734306
2735128
2736202
2737237
2738274
2739295
2740370
2742208
2743254
2744219
2745189
2746262
2747297
2748369
2749390
2750491
2751537
2752584
2753483
2754544
2755604
2756585
2757603
2758669
2759718
2760744
2761649
2762763
2763780
2764796
2765821
2767612
2768658
2769658
2770474
2771500
2772530
2773525
2774509
2775508
2776548
2777546
2778357
2779375
2780416
2781422
2782422
10274
164903
319624
470000
620381
771382
921702
1072020
1222334
1372666
1522970
1673481
1823820
1974138
2124448
2274873
2425311
2616989
2628058
2628728
2629362
2630082
2630850
2631570
2632258
2632990
2633711
2634440
2635034
2635765
2636483
2637201
2637920
2638635
2639351
2640063
2640778
2641504
2642216
2642926
2643644
2644358
2646267
2647004
2647733
2648490
2649201
2649951
2650714
2651426
2652138
2653289
2654447
2655563
2656586
2657694
2658861
2659977
2660870
2661996
2663153
2664263
2665380
2666492
2667632
2668782
2669693
2670725
2672672
2673675
2674714
2675717
2676725
2677718
2678563
2679568
2680432
2681428
2682473
2683472
2684485
2685485
2686290
2687288
2688326
2689345
2690345
2691341
2692338
2693364
2694237
2696054
2697063
2698066
2699122
2700170
2701134
2702148
2703182
2704180
2705183
2706189
2707150
2708147
2709144
2709969
2711042
2712050
2713046
2714043
2715081
2716079
2717075
2717832
2719679
2720731
2721729
2722734
2723734
2724518
2725514
2726268
2727277
2728277
2729287
2730297
2731309
2732297
2733294
2734042
2735094
2736110
2737124
2738137
2739173
2740174
2740920
2742207
2743255
2744263
2745271
2746272
2747267
2748269
2749262
2750080
2751133
2752027
2753020
2754013
2755054
2756047
2757053
2757807
2758860
2759884
2760906
2761935
2763008
2764072
2765855
2766607
2767690
2768787
2769808
2770827
2771894
2772960
2773988
2774753
2775595
2776692
2777721
2778784
2779802
2780870
2781890
2782741
2783763
2784829
2785891
2786911
2787939
2789009
2790820
2791751
2792636
2793565
2794593
2795579
2796576
2797572
2798619
2799660
2800407
2801402
2802230
2803226
2804234
2805270
10352
165290
320053
470444
620779
771769
922086
1072417
1222798
1373203
1523601
1674003
1824338
1974677
2125286
2275685
2426331
2576765
2727205
2877641
2982689
3115769
3134849
3135260
3136037
3136756
3137477
3138234
3138948
3139671
3140394
3140860
3141542
3142263
3142974
3143597
3144340
3145051
3145777
3146340
3147073
3147792
3149733
3150431
3151140
3151791
3152509
3153178
3153888
3154612
3155326
3156450
3157568
3158686
3159851
3160894
3162032
3163148
3164308
3165438
3166556
3167672
3168786
3169687
3170818
3171942
3173075
3174229
3176213
3177219
3178225
3179231
3180283
3181305
3182315
3183330
3184394
3185391
3186392
3187401
3188476
3189486
3190493
3191505
3192587
3193594
3194426
3195285
3196340
3197349
3198367
3200234
3201229
3202268
3203265
3204186
3205191
3206251
3207249
3208247
3209244
3210279
3211277
3212099
3213118
3214183
3215159
3216168
3217174
3218222
3219179
3220175
3221194
3222235
3224072
3225257
3226258
3227265
3228314
3229195
3230211
3231217
3232259
3233267
3234270
3235284
3236327
3237199
3238226
3239223
3240276
3241285
3242291
3243296
3244325
3245199
3246158
3247948
3248971
3250051
3251055
3252045
3253036
3254092
3254901
3255906
3256926
3257974
3258966
3259960
3260964
3262000
3262821
3263840
3264849
3265785
3266808
3267847
3268869
3269974
3271386
3272431
3273502
3274603
3275748
3276771
3277842
3278865
3279956
3281027
3282085
3283106
3284171
3285240
3286266
3287298
3288320
3289379
3290404
3291432
3292533
3293560
3294576
3295606
3297083
3298149
3299150
3300180
3301165
3302189
3303174
3304160
3304971
3306014
3306975
3307971
3308979
3310023
3311021
3312017
10327
165108
319844
470117
620367
771343
921850
1072195
1222511
1372828
1523158
1673463
1823779
1974092
2124404
2274718
2425040
2478865
2484623
2485383
2486107
2486821
2487544
2488261
2488978
2489723
2490416
2491047
2491764
2492492
2493208
2493928
2494634
2495327
2495920
2496653
2497365
2498081
2498806
2499519
2500268
2501013
2502515
2503196
2503924
2504638
2505491
2506208
2506781
2507259
2507992
2509150
2509879
2510737
2511872
2513041
2514160
2515285
2516408
2517577
2518321
2519451
2520566
2521737
2522853
2523971
2525088
2526233
2527540
2528181
2529177
2530183
2531240
2532321
2533329
2534342
2535388
2536352
2537390
2538390
2539449
2540482
2541482
2542493
2543543
2544472
2545404
2546423
2547461
2548469
2549467
2551309
2552308
2553358
2554172
2555189
2556185
2557220
2558218
2559215
2560212
2561290
2562127
2563143
2564140
2565190
2566189
2567195
2568193
2569235
2570048
2571059
2572068
2573034
2574830
2575830
2576835
2577831
2578644
2579509
2580506
2581545
2582741
2583744
2584757
2585789
2586758
2587759
2588749
2589742
2590747
2591764
2592780
2593796
2594720
2595729
2596683
2598491
2599543
2600578
2601583
2602584
2603638
2604664
2605656
2606665
2607716
2608725
2609718
2610711
2611518
2612441
2613447
2614416
2615467
2616488
2617511
2618534
2619335
2620412
2622193
2623219
2624271
2625385
2626408
2627439
2628511
2629370
2630436
2631493
2632555
2633694
2634723
2635785
2636814
2637712
2638749
2639802
2640823
2641749
2642807
2643825
2644856
2645881
2647680
2648649
2649650
2650710
2651731
2652716
2653550
2654515
2655549
2656548
2657544
2658539
2659572
2660569
2661573
2662587
