22053
42212
68376
69684
70982
72294
73644
74953
76251
77566
78863
80206
81587
82893
84192
85504
86809
88150
89496
90786
92096
93419
94714
96063
97404
98783
100095
101405
102748
104093
105434
106733
108033
109333
110635
111983
113338
114639
115977
117277
118578
119923
121267
122567
123878
125180
126478
127824
129173
130476
131788
133522
135209
136911
138601
140329
142079
143803
145532
147264
149227
150917
152619
154302
155987
157686
159376
161060
162769
164495
166220
168009
169767
171477
173196
174883
176572
178271
179961
181644
183391
185080
186771
188509
190244
191989
193714
195442
197180
198968
200658
202342
204061
205747
207422
209123
210813
212536
214258
216017
217778
219517
221255
222945
224651
226347
228035
229731
231444
233163
234866
236586
238317
240057
241785
243503
245225
246904
248642
250347
252037
253760
255458
257150
258833
260576
262303
264032
265780
267554
269285
271022
272722
274553
276252
277949
279636
281338
283053
284752
286516
288254
289977
291717
293450
295291
297021
298794
300478
302195
303911
305593
307291
308987
310675
312413
314153
315894
317649
319402
321152
322854
324595
326298
328006
329704
331411
333125
334827
336577
338320
340061
341787
343547
345313
347037
348824
350539
352289
353996
355714
357404
359116
360818
362577
364313
366044
367864
369588
371324
373029
374758
376449
378136
379834
381525
383210
384916
386614
388336
19948
38778
61880
63198
64526
65812
67090
68385
69685
71014
72325
73610
74899
76182
77468
78797
80081
81376
82661
83950
85283
86597
87890
89186
90472
91764
93099
94425
95722
97016
98302
99650
100968
102258
103542
104828
106121
107440
108757
110048
111341
112615
113907
115233
116556
117846
119140
120417
121699
123026
124328
125997
127655
129306
130962
132620
134274
135958
137661
139358
141061
142777
144458
146125
147799
149775
151437
153099
154778
156464
158123
159812
161518
163234
164908
166614
168268
169922
171592
173260
174920
176625
178295
179949
181669
183370
185044
186754
188489
190136
191798
193459
195116
196816
198515
200168
201829
203557
205237
206942
208635
210322
212000
213669
215316
217010
218670
220328
222016
223724
225404
227109
228810
230500
232169
233839
235496
237204
238868
240528
242187
243860
245534
247252
249048
250735
252449
254117
255796
257483
259159
260816
262495
264160
265806
267510
269228
270909
272639
274358
276021
277723
279399
281058
282730
284401
286058
287765
289491
291178
292914
294610
296265
297971
300056
301711
303385
305225
306886
308575
310246
311912
313640
315378
317063
318796
320532
322192
323865
325566
327247
328927
330599
332278
333962
335677
337356
339129
340842
342537
344229
345911
347603
349508
351179
352834
354491
356150
357817
359553
361250
362934
364632
366322
367990
369658
371322
372995
374666
376322
19984
38877
62092
63416
64748
66047
67334
68626
69935
71267
72583
73874
75163
76456
77752
79084
80380
81691
82966
84251
85582
86919
88216
89515
90825
92122
93456
94785
96071
97365
98691
99990
101324
102644
103935
105224
106505
107795
109133
110416
111833
113125
114410
115703
117041
118324
119616
120931
122216
123542
124884
126569
128237
129908
131600
133268
134946
136602
138539
140206
141899
143607
145325
147019
148796
150453
152125
153789
155458
157116
158784
160450
162249
163950
165662
167356
169063
170770
172462
174129
175802
177459
179128
180798
182456
184121
185830
187525
189226
190940
192666
194335
196008
197669
199613
201283
202956
204619
206316
208004
209712
211428
213137
214838
216505
218164
219834
221523
223180
224844
226514
228171
229884
231601
233313
235017
236731
238387
240071
241769
243426
245093
246766
248440
250111
251845
253559
255266
256979
258670
260339
262023
263693
265366
267030
268687
270353
272056
273779
275496
277220
278924
280633
282343
284003
285672
287354
289014
290683
292344
294046
295763
297484
299333
301044
302777
304446
306118
307811
309488
311157
312835
314511
316196
317915
319644
321367
323116
324824
326537
328230
329892
331565
333259
334932
336612
338283
339992
341729
343472
345182
346900
348668
350334
352011
353679
355335
357047
358718
360370
362068
363793
365485
367191
368935
370670
372352
374025
375686
377353
20195
39088
62814
64142
65501
66794
68079
69381
70675
72015
73340
74657
75948
77244
78528
79871
81224
82522
83812
85104
86393
87733
89020
90320
91602
92903
94230
95603
96888
98199
99492
100791
102119
103441
104764
106061
107365
108656
109995
111331
112631
113920
115227
116518
117860
119179
120478
121770
123071
125833
127999
131880
135086
137685
139954
141882
143635
145397
147747
149848
151632
153308
154973
156657
158373
160072
161769
163488
165372
167075
168749
170413
172082
173760
175427
177085
178755
180447
182158
183875
185588
187293
188971
190635
192307
193982
195648
197312
199078
200772
202473
204196
205938
207639
209354
211017
212686
214362
216026
217689
219366
221029
222693
224412
226154
227854
229569
231274
232943
234636
236301
237964
239648
241311
242975
244681
246425
248142
250409
252107
253812
255556
257260
258932
260612
262284
263955
265632
267318
268980
270660
272363
274074
275816
277520
279226
280911
282576
284311
286000
287674
289352
291039
292708
294405
296173
297892
299991
301776
303487
305201
306880
308547
310224
311905
313569
315246
316964
318698
320414
322140
323848
325577
327339
329016
330688
332395
334070
335754
337472
339160
340834
342553
344267
346256
347995
350076
351807
353551
355251
356946
358635
360300
361973
363657
365321
367137
368838
370537
372240
373979
375686
377396
379076
380739
382402
384081
385743
387555
389235
20106
38920
62344
63669
65000
66281
67578
68917
70210
71519
72816
74099
75428
76759
78049
79336
80633
81946
83294
84618
85909
87203
88497
89776
91123
92486
93773
95075
96372
97664
99250
100584
101883
103174
104466
105738
107071
108403
109690
110987
112280
113593
114921
116239
117525
118820
120113
121434
123069
124412
125700
127374
129042
130702
132601
134278
135941
137646
139356
141051
142774
144484
146160
147829
149891
151552
153223
154891
156548
158225
159894
161590
163594
165307
167027
168738
170461
172133
173805
175474
177130
178803
180475
182134
184051
185750
187450
189161
190869
192585
194260
195928
197586
199491
201182
202835
204527
206194
207854
209566
211306
213033
214763
216485
218144
219813
221484
223144
224816
226483
228137
229844
231560
233282
235063
236791
238491
240166
241836
243498
245175
246847
248551
250227
251903
253654
255372
257106
258805
260515
262188
263874
265558
267237
268899
270580
272253
273947
275696
277418
279122
280840
282562
284262
285938
287615
289282
291018
293604
295798
297742
299865
301552
303233
304936
306599
308283
309963
311661
313439
315158
316861
318594
320290
321959
323634
325325
326993
328679
330375
332052
333803
335546
337273
338998
340726
342431
344128
345802
347466
349324
351007
352677
354386
356069
357761
359460
361171
362969
364678
366381
368038
369729
371419
373075
374770
376444
378098
379810
381522
20048
38839
62392
63686
64967
66264
67563
68968
70329
71622
72906
74199
75495
76817
78149
79443
80726
82022
83315
84631
85975
87264
88543
89838
91160
92487
93809
95108
96391
97688
99217
100771
102107
103431
104719
106011
107303
108612
109943
111230
112510
113801
115091
116419
117709
118999
120347
121673
122964
124295
125593
127260
128912
130579
132265
133918
135590
137579
139276
140980
142685
144378
146091
147747
149694
151365
153024
154677
156345
158013
159665
161369
163070
164762
166469
168172
169869
171564
173229
174880
176544
178206
179859
181555
183263
184959
186669
188374
190077
191751
193433
195084
196754
198449
200090
201793
203477
205206
206912
208619
210312
212018
213681
215334
216998
218663
220314
222022
223689
225345
227054
228759
230467
232168
233867
235515
237186
239010
240663
242374
244041
245701
247369
249195
250910
252627
254337
256033
257702
259371
261029
262737
264410
266068
267737
269408
271104
272834
274548
276254
277972
279646
281302
282999
284669
286322
288001
289673
291324
293028
294740
296439
298149
300416
302107
303806
305474
307147
308820
310507
312213
313888
315577
317317
319037
320748
322493
324215
325929
327611
329301
330978
332673
334367
336049
337723
339400
341131
342842
344551
346283
347985
350121
351835
353520
355179
356878
358534
360200
361882
363529
365231
366956
368661
370372
372077
373803
375477
377151
378809
20175
38997
61724
63063
64339
65629
67143
68428
69719
71103
72391
73681
74977
76262
77588
78927
80215
81507
82802
84080
85412
86749
88092
89384
90681
91969
93301
94649
95934
97269
98601
99879
101212
102508
103792
105101
106398
107723
109053
110348
111633
112920
114216
115545
116906
118218
119502
120784
122107
123431
124761
126436
128132
129797
131469
133124
134795
136469
138125
139868
141576
143276
144978
146692
148401
150052
151728
153387
155141
156816
158472
160129
161834
163536
165240
166955
168671
170334
172008
173672
175337
177011
178669
180335
182039
183757
185462
187177
188914
190602
192273
193928
195587
197271
199021
200680
202363
204056
205760
207475
209188
210881
212582
214242
215906
217582
219242
220905
222579
224242
225933
227652
229380
231093
232793
234456
236115
237798
239455
241129
242786
244462
246121
247864
249927
251638
253348
255049
256792
258484
260163
261833
263522
265186
266853
268514
270185
271883
273609
275317
277041
278771
280451
282106
283785
285445
287135
288803
290498
292160
293870
295573
297292
299131
300835
302502
304167
305855
307513
309201
310869
312546
314229
315966
317677
319444
321168
322893
324625
326327
328024
329707
331369
333067
334734
336412
338081
339849
341563
343279
344999
346718
348420
350084
351757
353419
355095
356757
358455
360133
361835
363538
365251
366953
368673
370330
371993
373654
375326
376984
20255
39082
61799
63079
64374
65663
66994
68327
69619
70918
72208
73486
74849
76154
77438
78731
80031
81354
82704
83985
85270
86557
87845
89204
90527
91812
93125
94418
95713
97050
98409
99683
100971
102258
103543
104873
106160
107450
108724
110051
111370
112691
113974
115261
116559
117852
119220
120539
121828
123118
124395
126086
127795
129512
131217
132919
134618
136328
137991
139648
141308
142971
144622
146287
147944
150070
151773
153463
155164
156872
158590
160241
161902
163557
165212
166872
168539
170216
171882
173571
175271
177120
178824
180518
182189
183843
185497
187157
188819
190495
192163
193822
195532
197245
199005
200700
202412
204066
205723
207387
209035
210757
212415
214075
215766
217463
219191
220889
222580
224251
225905
227559
229235
230937
232585
234256
235920
237615
239327
241024
242717
244429
246086
247750
249730
251422
253082
254736
256400
258049
259781
261483
263194
264908
266632
268314
269996
271663
273325
275001
276670
278348
280041
281730
283432
285147
286879
288572
290242
291898
293560
295225
296889
298593
300282
301947
303709
305424
307122
308840
310554
312291
313958
315652
317319
318984
320709
322386
324047
325779
327497
329209
330921
332666
334368
336054
337719
339401
341111
342775
344450
346153
347820
349883
351601
353292
354985
356699
358399
360066
361747
363393
365063
366719
368376
370063
371759
373449
375167
376873
20109
38868
61559
62853
64126
65418
66884
68216
69537
70834
72112
73400
74739
76022
77309
78629
79917
81238
82572
83931
85217
86514
87799
89123
90466
91756
93043
94347
95630
96959
98320
99826
101133
102425
103710
105033
106365
107647
108920
110213
111495
112824
114172
115460
116745
118059
119342
120682
121979
123262
124549
126222
127876
129574
131282
132981
134717
136410
138085
139789
141464
143115
144777
146446
148100
149824
151513
153214
154924
156622
158321
160028
161678
163339
165009
166664
168364
170032
171687
173383
175081
176766
178471
180218
181878
183538
185206
186859
188519
190190
191845
193542
195236
196930
198680
200408
202309
203967
205637
207290
208951
210623
212274
213932
215604
217295
218998
220736
222426
224139
225807
227463
229132
230808
232462
234124
235818
237514
239218
240955
242650
244352
246027
247683
249621
251308
252968
254625
256296
257949
259611
261346
263051
264758
266450
268139
269830
271500
273159
274827
276501
278164
279829
281548
283246
284956
286660
288361
290051
291729
293380
295039
296711
298412
300066
301749
303527
305260
306955
308666
310417
312120
313796
315477
317151
318834
320514
322198
323863
325588
327319
329026
330757
332487
334206
335878
337632
339313
340982
342657
344340
346016
347696
349742
351474
353232
354947
356640
358351
360004
361661
363323
364976
366635
368306
369957
371795
373496
375200
376921
20276
39080
62560
63854
65137
66479
67775
69092
70388
71684
73006
74342
75636
76920
78216
79510
80836
82172
83466
84748
86045
87338
88665
90011
91304
92590
93888
95185
96522
97818
99932
101220
102540
103834
105114
106448
107742
109054
110352
111642
112965
114294
115577
116861
118155
119487
120803
122134
123426
124700
125996
127667
129355
131075
132783
134481
136219
137882
139566
141231
142901
144558
146229
147885
149537
151268
152977
154672
156380
158091
159773
161447
163109
164766
166434
168096
169786
171449
173155
174855
176565
178269
179988
181662
183336
184990
186656
188322
189968
191634
193339
195037
196744
198524
200243
201929
205180
207770
210010
211927
213650
215978
217870
220912
223473
225721
227647
229370
231976
234267
236225
237972
239641
241331
242990
244661
246332
247988
249708
251419
253121
254980
256672
258402
260155
261817
263491
265155
266812
268484
270159
271864
273546
275262
276964
278679
280418
282111
283793
285475
287133
288832
290506
292161
293830
295502
297208
299113
300860
302557
304293
305989
307648
309322
310987
312644
314328
316002
317663
319387
321140
322842
324567
326359
328065
329742
331432
333095
334778
336474
338323
340005
341695
343413
345131
346862
348644
350407
352128
353784
355483
357157
358821
360499
362187
363831
365491
367197
368894
370623
372347
374032
375703
377372
379023
380692
382360
384018
385698
387404
20152
38976
62081
63416
64733
66071
67362
68651
69938
71260
72539
73825
75115
76402
77715
79045
80337
81623
82928
84215
85548
86912
88205
89507
90808
92093
93417
94739
96053
97342
98690
99969
101301
102593
103873
105162
106447
107787
109111
110406
111689
112978
114262
115579
116911
118205
119478
120767
122045
123376
124666
126356
128006
129674
131329
133013
134672
136337
138064
139746
141443
143146
144841
146506
148199
149861
151518
153190
154842
156507
158224
159922
161621
163343
165042
166975
168650
170296
171959
173635
175297
176953
178644
180300
182000
183734
185420
187356
189051
190737
192397
194062
195717
197368
199154
200832
202517
204218
205916
207832
209525
211220
212920
214595
216259
217922
219597
221253
222915
224588
226245
228239
229963
231663
233366
235086
236790
238454
240126
241781
243431
245109
246757
248469
250180
251884
253594
255293
256991
258656
260334
262001
263677
265352
267011
268886
270562
272247
273955
275683
277410
279121
280821
282482
284168
285845
287515
289194
290867
292519
294220
295947
297670
299597
301292
302989
304655
306336
307990
309671
311355
313019
314701
316403
318150
319880
321596
323309
325044
326770
328448
330120
331797
333481
335148
336830
338545
340271
341964
343666
345384
347107
348871
350536
352317
353973
355635
357297
358986
360638
362306
363997
365702
367456
369150
370852
372523
374176
375844
377524
19921
38750
61211
62538
63868
65162
66451
67749
69039
70373
71669
72957
74247
75541
76863
78187
79487
80772
82056
83359
84680
86006
87305
88588
89872
91169
92495
93823
95124
96409
97693
99229
100554
101877
103176
104461
105742
107038
108368
109649
110942
112227
113512
114844
116171
117455
118749
120038
121324
122658
123994
125641
127314
128973
130627
132296
133960
135613
137353
139047
140738
142448
144168
145859
147523
149321
150977
152646
154303
155959
157618
159309
160999
162714
164450
166147
167857
169515
171194
172862
174524
176179
177853
179514
181210
182918
184648
186360
188074
189732
191388
193057
194721
196375
198048
200035
201690
203360
205098
206794
208505
210197
211890
213586
215244
216898
218570
220229
221883
223555
225805
227965
229862
231552
233246
234988
236720
238421
240135
241834
243492
245164
246833
248546
250215
251893
253559
255288
256988
258692
260409
262132
263860
265537
267201
268868
270558
272223
273886
275603
277309
279013
280739
282448
284151
285856
287537
289221
290892
292559
294223
295912
297573
299490
301200
302910
304656
306370
308075
309778
311460
313138
314819
316509
318184
319847
321541
323264
325034
326773
328497
330206
331918
333607
335282
336963
338668
340352
342035
343694
345410
347144
348931
350649
352377
354094
355777
357447
359112
360772
362441
364106
365795
367467
369167
370874
372863
374578
376283
377995
19990
38768
61886
63178
64460
65803
67134
68422
69756
71072
72360
73696
75029
76312
77602
78913
80197
81532
82865
84152
85449
86740
88027
89360
90654
91940
93236
94538
95859
97182
98514
99803
101099
102388
103717
105043
106337
107611
108904
110195
111521
112849
114141
115429
116720
118010
119334
120632
121927
123212
124507
126216
127911
129626
131328
133026
134700
136364
138017
139684
141353
143012
144676
146339
148035
150196
151902
153603
155312
157025
158678
160350
162013
163669
165335
167021
168674
170340
172045
173748
175465
177170
178862
180532
182203
183855
185523
187196
188852
190520
192266
193961
195669
197374
199171
200877
202560
204211
205883
207547
209204
210875
212544
214236
215946
217655
219348
221055
222724
224401
226085
227753
229413
231083
232752
234397
236103
237813
239504
241217
242926
244585
246253
247926
249978
251694
253366
255014
256683
258360
260056
261776
263492
265197
266904
268575
270237
271936
273627
275298
276975
278670
280319
282026
283735
285437
287158
288891
290542
292232
293901
295555
297221
298980
300653
302322
304036
305748
307533
309258
310967
312673
314357
316039
317724
319394
321073
322777
324458
326180
327912
329631
331320
333061
334763
336433
338110
339801
341486
343162
344852
346517
348232
349988
351705
353408
355105
356850
358515
360165
361873
363534
365190
366858
368521
370221
371924
373667
375369
377080
19972
38848
61721
63013
64352
65708
67002
68304
69599
70894
72239
73566
74859
76158
77444
78736
80092
81377
82666
83970
85259
86591
87933
89218
90512
91811
93100
94436
95791
97081
98398
99684
101067
102397
103734
105069
106359
107655
108941
110273
111620
112905
114194
115497
116787
118144
119482
120770
122064
123362
124648
126366
128082
129782
131482
133159
135148
136810
138489
140150
141814
143492
145156
146862
148639
150340
152046
153762
155695
157364
159041
160723
162388
164064
165727
167391
169100
170799
172507
174219
176043
177751
179458
181121
182792
184487
186151
187818
189494
191159
192860
194578
196419
198127
200387
202101
203827
205566
207230
208894
210573
212235
213907
215584
217244
218979
220701
222414
224109
225836
227533
229199
230882
233374
235586
237501
239196
240867
242537
244194
245863
247542
249414
251091
252816
254528
256467
258187
259893
261604
263286
264966
266645
268329
270028
271703
273385
275053
276887
278620
280345
282062
283787
285509
287183
288866
290544
292219
293896
295567
297344
299135
300835
302550
304289
306015
307741
309458
311131
312819
314501
316174
317856
319575
321252
322963
324706
326452
328182
329932
331660
333339
335027
336719
338402
340102
341777
343474
345155
346921
348734
350469
352190
353933
355665
357326
358998
360678
362345
364017
365690
367378
369047
370769
372479
374189
375908
377607
379284
380961
19963
38738
61883
63172
64492
65846
67154
68439
69736
71028
72349
73682
74976
76261
77551
78856
80180
81503
82795
84072
85366
86660
88000
89293
90585
91871
93166
94498
95847
97153
98473
99746
101038
102358
103678
104960
106251
107534
108845
110165
111489
112772
114067
115354
116638
117991
119273
120559
121854
123138
124466
126178
127888
129593
131258
132921
134592
136256
137911
139624
141296
142939
144645
146375
148083
150330
152019
153726
155408
157064
158721
160381
162068
163721
165382
167035
168756
170480
172179
173871
175571
177224
178883
180542
182205
183860
185516
187173
188909
190613
192314
194012
195730
197409
199211
200852
202545
204199
205846
207502
209177
210873
212568
214270
215967
217666
219321
220989
222642
224307
225960
227619
229329
230991
232712
234415
236116
237818
239508
241177
242836
244492
246151
247815
249859
251535
253209
254905
256608
258315
260018
261737
263481
265138
266803
268480
270163
271822
273499
275160
276891
278620
280327
282041
283754
285432
287111
288774
290448
292116
293787
295430
297139
298954
300643
302362
304087
305788
307477
309163
310856
312534
314216
315896
317575
319249
320928
322645
324365
326086
327811
329528
331202
332895
334563
336233
337916
339626
341292
342963
344686
346419
348138
350424
352134
353835
355539
357185
358849
360535
362185
363849
365514
367169
368867
370573
372274
373983
375697
377355
20127
39103
62722
64029
65362
66704
68031
69335
70630
71926
73263
74599
75896
77198
78493
79791
81141
82476
83773
85063
86363
87662
89021
90321
91618
92916
94215
95566
96937
98259
99628
100924
102224
103553
104893
106187
107495
108789
110090
111420
113914
115929
117432
119237
120849
122272
123559
125396
126809
128418
129834
131525
133210
134936
136653
138357
140041
141721
143400
145083
146768
148471
150189
151912
153623
155353
157062
158831
160538
162231
163907
165598
167265
168958
170628
172322
173998
175725
177444
179197
180908
182642
184339
186029
187704
189398
191073
192766
194431
196125
197840
200017
201739
203450
205178
206886
208632
210312
212005
213682
215375
217053
218743
220432
222123
223838
225569
227295
229059
230768
232494
234194
235894
237565
239256
240944
242620
244303
245989
247703
249763
251493
253208
254944
256686
258370
260064
261749
263428
265121
266817
268570
270295
271990
273705
275440
277173
278892
280637
282325
284041
285739
287431
289114
290971
292665
294356
296054
297769
299835
301572
303300
305013
306747
308459
310142
311848
313546
315231
316945
318667
320369
322080
323827
325555
327289
329040
330771
332511
334258
335951
337654
339348
341081
342785
344488
346174
347908
350088
351822
353577
355319
357047
358783
360518
362194
363884
365569
367245
368974
370691
372367
374057
375786
377503
379248
380980
382697
384479
386166
20003
38891
61774
63095
64389
65685
66961
68262
69592
70942
72229
73514
74825
76120
77455
78771
80070
81358
82644
83946
85272
86612
87910
89198
90483
91804
93154
94471
95803
97081
98374
99659
100989
102276
103574
104853
106141
107476
108876
110163
111460
112746
114025
115363
116780
118059
119352
120640
121924
123274
124607
126306
127981
129639
131282
132944
134607
136259
138012
139705
141428
143141
144841
146569
148242
149864
151517
153187
154847
156502
158172
159875
161568
163281
164974
166697
168370
170027
171683
173354
175016
176671
178337
179998
181696
183411
185110
186841
188552
190215
191872
193566
195235
196881
198624
200300
201957
203658
205357
207081
208788
210492
212149
213812
215561
217221
218897
220554
222210
223921
225617
227334
229056
230742
232399
234074
235924
237579
239253
240915
242588
244262
245956
247667
249621
251331
253072
254782
256568
258223
259901
261557
263215
264892
266550
268212
269932
271629
273335
275058
277119
278827
280561
282226
283880
285571
287244
288903
290578
292242
293936
295638
297526
299385
301095
302792
304492
306175
307836
309509
311214
312877
314542
316242
317994
319691
321432
323147
324857
326609
328291
329946
331623
333302
334964
336646
338319
340007
341730
344018
346043
347832
349774
351484
353219
354916
356617
358289
359946
361621
363284
364944
366597
368287
369979
371663
373376
375069
376785
378500
20092
39351
63267
64570
65861
67166
68513
69851
71153
72473
73757
75055
76409
77746
79044
80352
81640
83035
84402
85713
87014
88319
89621
90919
92305
93606
94905
96218
97518
99023
100368
101712
103002
104305
105601
106899
108244
109539
110827
112129
113439
114775
116119
117415
118704
120008
121303
122655
124001
125294
126594
128283
129959
131629
133336
135045
136762
138488
140202
141920
143602
145274
146946
148693
150364
152039
153744
155415
157152
158881
160640
162381
164106
165818
167496
169176
170849
172549
174273
175947
177622
179304
181012
182770
184501
186207
187922
189608
191279
192995
194675
196345
198019
200211
201887
203588
205268
207010
208728
210454
212183
213903
215589
217265
218940
220625
222301
224004
225687
227357
229069
230791
232516
234280
235999
237695
239377
241087
242758
244448
246138
247813
249885
251577
253295
255036
256983
258698
260417
262142
263857
265546
267238
268919
270598
272290
273991
275667
277358
279077
280801
282532
284246
285971
287662
289335
291046
292741
294426
296106
297789
299802
301477
303249
304965
306689
308421
310143
311860
313566
315248
316925
318631
320327
322010
323734
325470
327185
328922
330662
332417
334150
335894
337593
339287
341122
342807
344546
346224
347908
350058
351745
353458
355191
356909
358625
360345
362056
363767
365451
367115
368788
370470
372142
373840
375565
377236
378951
380684
382396
20115
38998
62030
63341
64627
65921
67213
68543
69865
71154
72439
73729
75016
76350
77640
78926
80497
81811
83095
84410
85693
86978
88259
89553
90884
92207
93491
94787
96065
97385
98768
100093
101384
102663
103947
105234
106562
107885
109173
110460
111968
113260
114609
115932
117221
118507
119792
121108
122439
123724
125017
126680
128339
130004
131689
133344
135051
136756
138457
140156
141851
143497
145161
146809
148691
150355
152031
153688
155347
157037
158750
160451
162151
163859
165521
167178
168836
170502
172203
173858
175524
177216
178919
180624
182350
184049
185712
187373
189031
190695
192382
194040
195693
197345
199112
200811
202523
204222
205921
207581
209237
210900
212592
214251
215949
217609
219301
220997
222698
224402
226106
227779
229444
231112
232797
234448
236099
237752
239408
241092
242794
244485
246186
247888
249893
251564
253249
254903
256567
258222
259878
261569
263269
264970
266667
268367
270065
271723
273403
275069
276727
278389
280044
281716
283393
285094
286803
288510
290204
291900
293564
295221
296877
298596
300256
301907
303576
305275
306979
308694
310448
312138
313876
315549
317230
318897
320584
322284
323961
325645
327324
329027
330733
332462
334174
335881
337550
339236
340902
342594
344283
345957
347625
349542
351279
352974
354680
356373
358077
359742
361417
363113
364775
366467
368118
369780
371441
373132
374843
376545
19965
39425
62322
63609
64904
66196
67556
68893
70185
71470
72766
74054
75387
76686
77971
79256
80553
81873
83202
84502
85790
87073
88403
89727
91044
92342
93624
94921
96207
97554
99046
100338
101625
102910
104206
105557
106885
108183
109470
110754
112048
113366
114650
115937
117226
118537
119868
121184
122497
123793
125081
126739
128456
130148
131852
133565
135270
136953
138624
140306
141962
143627
145287
146937
148708
150371
152056
153770
155467
157183
158853
160526
162168
163842
165487
167145
168829
170501
172212
173967
175658
177372
179067
180743
182396
184067
185712
187384
189070
190743
192388
194099
195788
197488
199358
201060
202744
204388
206058
207716
209407
211050
212719
214369
216076
217770
219481
221228
222956
224601
226273
227917
229640
231286
232957
234603
236315
238003
239731
241438
243151
244839
246507
248163
249856
251518
253168
254839
256526
258215
259923
261632
263354
265075
266740
268401
270097
271755
273416
275111
276781
278446
280161
281867
283573
285292
287003
288664
290373
292033
293686
295354
297012
298740
300408
302106
303811
305532
307236
308947
310657
312322
313994
315693
317367
319027
320720
322395
324120
325898
327613
329309
331042
332723
334391
336072
337743
339446
341128
342788
344468
346191
347904
349971
351691
353382
355079
356752
358428
360102
361768
363421
365073
366749
368409
370100
371815
373516
375258
376968
20077
38917
62484
63785
65122
66482
67777
69068
70358
71659
72985
74290
75585
76875
78159
79499
80824
82122
83414
84698
86009
87349
88673
89968
91263
92555
93844
95201
96553
97845
99471
100754
102047
103376
104704
105990
107289
108572
109863
111191
112517
113801
115099
116396
117695
119029
120366
121652
122956
124238
125834
127548
129280
131020
132742
134437
136114
137784
139444
141103
142781
144439
146135
147849
149894
151601
153337
155043
156743
158466
160124
161796
163491
165155
166964
168643
170304
172013
173735
175468
177195
178924
180651
182362
184027
185698
187370
189040
190699
192383
194040
195905
197635
199570
201283
202998
204703
206399
208069
209728
211400
213086
214754
216439
218111
219803
221513
223229
224933
226638
228344
230012
231731
233400
235065
236994
238682
240339
241997
243712
245442
247146
248952
250663
252360
254053
255714
257475
259149
260816
262481
264174
265909
267617
269366
271066
272775
274498
276166
277836
279520
281233
282900
284583
286284
287960
289680
291391
293108
294832
296537
298206
299867
301532
303198
304873
306564
308240
309924
311674
313401
315153
316882
318609
320290
321955
323648
325332
327056
328745
330448
332120
333842
335573
337303
339019
340742
342485
344176
345843
347574
349487
351158
352841
354513
356193
357852
359570
361269
362995
364691
366404
368077
369758
371413
373095
374758
376459
378124
379842
19995
38877
62136
63447
64729
66056
67394
68680
69972
71260
72567
73894
75216
76502
77789
79077
80365
81695
82980
84276
85568
86854
88176
89504
90792
92103
93509
94806
96128
97455
98825
100113
101394
102681
104025
105345
106633
107919
109206
110493
111827
113152
114449
115734
117023
118309
119633
120923
122209
123533
124827
126563
128260
129959
131657
133359
135032
136691
138345
140007
141671
143328
144990
146650
148350
150038
151736
153434
155168
156831
158484
160180
161840
163513
165175
166832
168542
170237
171940
173646
175356
177016
178675
180334
181997
183684
185345
187011
188667
190366
192066
193807
195512
197210
198937
200598
202260
203932
205593
207251
208909
210604
212293
214013
215712
217415
219101
220764
222422
224117
225780
227561
229224
230888
232587
234286
235994
237692
239388
241076
242737
244424
246088
247751
249635
251306
252972
254625
256323
258022
259722
261476
263186
264868
266532
268197
269857
271521
273186
274855
276563
278271
279977
281681
283379
285101
286778
288465
290119
291790
293449
295130
296797
298551
300247
301949
303660
305400
307095
308784
310451
312127
313820
315503
317176
318840
320556
322291
324005
325774
327502
329244
330904
332592
334291
335959
337634
339323
340995
342664
344384
346119
347836
349840
351549
353250
354938
356596
358262
359924
361577
363314
364976
366622
368321
370025
371729
373435
375179
376835
20040
38954
62486
63826
65167
66463
67777
69076
70422
71738
73044
74362
75670
76960
78307
79600
80909
82221
83527
84864
86244
87542
88845
90136
91432
92771
94116
95449
96758
98046
99857
101161
102493
103838
105128
106440
107731
109034
110367
111672
112969
114264
115562
116910
118245
119549
120853
122148
123454
124788
126144
127874
129561
131237
132951
134631
136313
138000
139687
141354
143074
144798
146551
148268
150037
151749
153430
155104
156788
158475
160148
161836
163516
165229
166986
168713
170425
172155
173880
175580
177271
178952
180626
182315
183997
185676
187376
189102
190820
192554
194268
196012
197736
199775
201462
203152
204838
206511
208191
209875
211550
213268
214987
216742
218463
220186
221897
223578
225261
226931
228619
230304
231986
233671
235350
237082
238811
240535
242254
243977
245661
247337
249147
251117
252799
254493
256182
257875
259566
261254
262974
264717
266479
268198
269931
271617
273293
274976
276666
278345
280037
281730
283413
285168
286926
288648
290386
292106
293805
295499
297183
298951
300667
302354
304024
305713
307426
309146
310881
312632
314354
316105
317847
319542
321241
322930
324625
326321
328048
329752
331465
333236
335029
336777
338516
340242
341965
343666
345356
347040
348840
350547
352247
353939
355622
357314
359026
360750
362478
364205
365913
367602
369303
370978
372663
374350
376023
377996
379690
381365
20063
38895
62149
63470
64822
66116
67515
68792
70092
71421
72749
74043
75337
76624
77918
79241
80567
81860
83152
84428
85723
87058
88404
89690
90985
92270
93556
94900
96191
97510
98922
100209
101500
102830
104126
105400
106695
107968
109288
110604
111900
113174
114469
115744
117073
118412
119696
120973
122268
123549
124891
126590
128333
129978
131645
133307
134986
136630
138299
139950
141653
143368
145078
146768
148566
150231
151878
153546
155208
156863
158526
160191
161834
163539
165228
166954
168666
170372
172032
173700
175369
177035
178681
180352
182027
183723
185411
187116
188829
190539
192183
193852
195494
197163
198910
200582
202250
203893
205602
207289
209036
210737
212444
214101
215767
217424
219091
220739
222406
224050
225754
227440
229192
230890
232598
234260
235931
237592
239259
240905
242574
244231
245897
247589
249548
251260
252951
254655
256334
258005
259670
261338
263009
264683
266337
268024
269758
271453
273165
274880
276579
278262
279932
281593
283287
284955
286620
288296
289978
291676
293390
295098
296789
298523
300184
301839
303519
305194
306856
308542
310262
311926
313656
315390
317159
318872
320605
322268
323951
325642
327322
328999
330703
332383
334062
335777
337485
339208
340920
342619
344356
346041
347706
349663
351370
353021
354687
356355
358008
359721
361420
363111
364821
366530
368182
369857
371541
373195
374866
376533
20047
39080
62062
63360
64657
65949
67308
68659
69955
71255
72555
73831
75176
76723
78014
79308
80607
81898
83234
84536
85828
87126
88425
89748
91077
92378
93671
94977
96277
97629
99175
100475
101769
103060
104357
105674
107031
108332
109615
110905
112203
113520
114849
116154
117448
118756
120055
121387
122728
124027
125319
126987
128682
130346
132050
133773
135485
137189
138907
140593
142264
143933
145598
147271
149076
150743
152418
154140
155837
157584
159289
160999
162719
164383
166048
167721
169380
171045
172723
174387
176092
177836
179543
181250
182978
184678
186349
188044
189704
191375
193042
194705
196364
198096
200242
201937
203707
205406
207113
208837
210499
212162
213839
215502
217167
218872
220533
222190
223909
225621
227349
229070
230781
232436
234114
235776
237471
239166
240828
242485
244167
245852
247582
249534
251245
252962
254682
256345
258015
259693
261358
263037
264722
266397
268141
269861
271587
273293
275014
276725
278404
280090
281758
283428
285109
286780
288477
290165
291853
293568
295283
296976
298742
300426
302085
303758
305452
307136
308846
310536
312209
313956
315675
317422
319132
320845
322533
324218
325897
327592
329305
330988
332658
334343
336069
337795
339567
341300
343012
344727
346430
348106
350361
352050
353722
355420
357100
358788
360453
362178
363881
365601
367302
369011
370727
372399
374069
375743
377407
379112
19949
38723
61437
62717
64039
65375
66676
67967
69261
70546
71871
73204
74488
75781
77068
78352
79678
80966
82247
83533
84822
86140
87462
88750
90031
91328
92617
93948
95283
96571
97841
99450
100736
102051
103386
104673
105954
107245
108547
109871
111204
112487
113766
115061
116348
117661
118951
120241
121529
122820
124142
125833
127536
129239
130888
132556
134222
135868
137533
139192
140844
142539
144239
145928
147633
149561
151245
152912
154574
156227
157894
159554
161201
162879
164577
166268
167974
169675
171369
173054
174724
176374
178042
179700
181384
183072
184734
186424
188148
189848
191548
193249
194927
196579
198256
199966
201629
203285
204942
206600
208294
209995
211690
213386
215113
216781
218437
220098
221751
223441
225099
226758
228460
230170
231874
233583
235332
237001
238662
240329
241992
243673
245330
246993
248750
250456
252195
253896
255614
257323
258970
260646
262310
263998
265658
267313
268964
270614
272311
274019
275735
277449
279152
280808
282498
284186
285851
287530
289189
290837
292536
294234
295923
297629
299546
301277
302957
304658
306312
308002
309675
311332
313021
314707
316450
318161
319886
321597
323314
325059
326729
328402
330063
331737
333416
335091
336752
338473
340185
341883
343616
345353
347022
348774
350472
352123
353790
355448
357094
358759
360467
362154
363861
365590
367281
368950
370608
372262
374043
375702
20036
38887
62464
63795
65084
66386
67679
68973
70309
71641
72934
74237
75530
76819
78151
79525
80818
82129
83423
84713
86066
87397
88708
90011
91307
92601
93940
95274
96565
97865
99576
100870
102226
103571
104859
106146
107438
108728
110086
111416
112707
113996
115287
116669
118003
119361
120650
121949
123244
124533
125871
127582
129328
131009
132672
134337
136024
137689
139355
141025
142729
144432
146152
147853
150018
151756
153468
155131
156810
158480
160140
161820
163486
165156
166856
168557
170288
172007
173718
175423
177108
178792
180456
182137
183809
185491
187171
188837
190545
192268
193975
195702
197418
199250
200936
202614
204289
205957
207628
209293
210976
212693
214396
216104
217819
219732
221436
223116
224785
226448
228125
229790
231463
233144
234824
236529
238249
239993
241703
243425
245096
246763
248481
250149
251814
253497
255171
256830
258544
260274
262007
263739
265460
267133
268846
270524
272189
273871
275550
277225
278912
280651
282363
284087
285817
287524
289261
290938
292605
294284
295953
297610
299535
301223
302965
304683
306405
308117
309855
311583
313300
314984
316672
318384
320073
321742
323431
325125
326807
328563
330344
332061
333771
335514
337314
338994
340685
342374
344050
345734
347424
349225
350936
352705
354437
356159
357869
359573
361281
362949
364605
366282
367953
369620
371321
372990
374691
376413
378131
380000
19987
38844
61507
62828
64115
65388
66684
67969
69299
70614
71900
73175
74470
75743
77077
78398
79699
80974
82267
83533
84854
86135
87424
88737
90032
91362
92689
93967
95261
96549
97854
99438
100768
102058
103329
104622
105911
107241
108550
109859
111133
112423
113698
115031
116334
117626
118915
120209
121481
122815
124091
125743
127387
129093
130736
132402
134054
135758
137443
139154
140871
142578
144226
145894
147542
149456
151115
152761
154427
156079
157778
159506
161203
162889
164596
166256
167909
169603
171266
172916
174610
176269
177921
179650
181361
183053
184794
186498
188152
189859
191520
193175
194838
196500
198153
200380
202041
203727
205435
207133
208834
210563
212225
213897
215567
217233
218887
220555
222218
223869
225573
227278
228975
230726
232423
234074
235742
237402
239065
240732
242432
244086
245785
247491
249325
251067
252771
254463
256132
257828
259486
261166
262826
264490
266159
267824
269518
271253
272963
274665
276367
278024
279685
281356
283015
284672
286353
288024
289709
291463
293171
294860
296579
298237
299972
301636
303298
304977
306641
308315
309987
311710
313444
315175
316889
318589
320276
321947
323613
325328
327010
328674
330344
332052
333752
335467
337181
338895
340637
342323
344001
345679
347350
349109
350783
352464
354115
355811
357512
359269
360972
362667
364352
366018
367680
369335
371003
372683
374393
376063
20076
38890
62231
63528
64818
66154
67450
68741
70035
71337
72631
73992
75294
76587
77879
79200
80523
81866
83151
84445
85727
87026
88393
89723
91033
92323
93626
94922
96267
97586
99082
100378
101674
102962
104281
105617
106909
108207
109513
110811
112137
113427
114715
116004
117293
118651
119978
121268
122557
123848
125137
126847
128573
130283
131985
133700
135372
137038
138704
140398
142064
143732
145397
147067
148875
150584
152290
153988
155698
157364
159047
160713
162378
164039
165713
167374
169076
170793
172508
174230
175948
177651
179322
180987
182665
184330
185999
187662
189382
191047
192784
194490
196209
197898
200040
201746
203431
205099
206763
208474
210158
211835
213499
215176
216887
218627
220330
222033
223743
225424
227089
228758
230444
232122
233791
235464
237128
238863
240567
242320
244023
245750
247413
249213
250892
252564
254232
255911
257574
259264
260979
262693
264416
266137
267840
269547
271223
272884
274562
276271
277941
279656
281338
283006
284714
286439
288154
289867
291612
293278
294941
296618
298296
299997
301674
303344
305020
306752
308460
310216
311957
313692
315379
317086
318755
320457
322161
323838
325522
327241
328953
330669
332398
334120
335840
337567
339241
340957
342644
344342
346034
347730
349957
351640
353327
355023
356730
358456
360342
362047
363764
365424
367090
368771
370532
372198
373878
375542
377213
378926
20045
39134
62305
63587
64886
66214
67510
68829
70120
71413
72753
74083
75380
76676
77962
79254
80591
81915
83207
84497
85789
87091
88413
89765
91069
92354
93654
94944
96298
97633
99170
100463
101750
103046
104365
105709
106993
108307
109589
110887
112213
113513
114795
116094
117379
118708
120028
121328
122612
123958
125247
126966
128675
130405
132110
133834
135500
137177
138874
140555
142214
143891
145557
147233
149047
150761
152464
154167
155901
157601
159303
160959
162633
164292
165970
167632
169309
171003
172747
174453
176173
177875
179594
181257
182944
184605
186314
187987
189694
191368
193069
194785
196491
198188
199911
201600
203283
204964
206643
208314
209995
211658
213324
215041
216744
218456
220212
221909
223597
225273
226937
228602
230285
231949
233613
235290
236994
238705
240472
242173
243899
245608
247266
249131
250819
252489
254164
255887
257550
259221
260973
262684
264401
266126
267831
269655
271339
273001
274729
276416
278089
279761
281466
283136
284842
286569
288285
290330
292055
293757
295430
297105
298846
300517
302193
303855
305529
307215
308934
310788
312519
314229
315958
317704
319374
321050
322780
324496
326175
327882
329565
331271
332990
334717
336436
338171
339901
341619
343316
344989
346683
348395
350057
351752
353441
355105
356824
358576
360275
361977
363691
365353
367021
368696
370353
372039
373718
375379
377089
378809
20105
38946
62967
64313
65638
66972
68273
69567
70866
72215
73502
74794
76096
77415
78747
80094
81387
82683
83970
85251
86585
88068
89362
90662
91957
93248
94594
95942
97260
98600
99898
101196
102531
103872
105164
106469
107770
109064
110396
111733
113024
114314
115610
116905
118264
119592
120881
122175
123474
124763
126098
127839
129506
131179
132854
134520
136194
137868
139534
141203
142914
144644
146345
148259
150033
151750
153416
155086
156763
158429
160095
161774
163439
165113
166831
168578
170287
172006
173708
175378
177060
178749
180422
182100
183773
185445
187125
188850
190568
192277
193983
195699
197370
199131
200798
202467
204125
205798
207475
209158
210867
212610
214312
216043
217762
219431
221097
222774
224436
226108
227791
229565
231242
232962
234663
236371
238090
239795
241468
243143
244801
246488
248168
250358
252036
253720
255397
257085
258821
260540
262456
264172
265901
267598
269277
270937
272618
274274
275963
277630
279336
281039
282767
284470
286195
287895
289619
291294
292992
294653
296361
298017
300172
301844
303503
305185
306895
308652
310355
312093
313805
315494
317173
318875
320539
322225
323904
325596
327272
329032
330771
332510
334209
335943
337651
339346
341009
342712
344383
346075
347762
349795
351469
353140
354864
356588
358312
360023
361721
363385
365058
366715
368382
370087
371754
373432
375114
376815
378547
380284
19970
38859
61667
62959
64257
65584
66913
68221
69517
70812
72111
73438
74770
76069
77361
78656
79959
81291
82582
83888
85179
86473
87805
89131
90425
91730
93024
94322
95666
96992
98286
99573
100863
102154
103497
104829
106121
107420
108707
109997
111340
112632
113912
115201
116490
117817
119157
120448
121738
123035
124330
126039
127759
129460
131165
132890
134560
136229
137910
139571
141239
142917
144582
146248
147968
150045
151752
153465
155166
156895
158584
160251
161915
163591
165254
166921
168599
170264
171971
173702
175404
177111
178829
180494
182172
183850
185533
187204
188881
190568
192231
193950
195654
197355
199174
200874
202606
204282
205949
207613
209294
210971
212663
214343
216040
217748
219465
221171
222887
224566
226229
227917
229604
231272
232942
234623
236289
238003
239726
241430
243134
244838
246533
248205
249845
251577
253246
254922
256586
258275
259995
261713
263427
265150
266851
268521
270207
271903
273576
275266
276935
278612
280330
282037
283747
285469
287184
288906
290583
292284
293957
295647
297317
299101
300807
302474
304193
305930
307636
309356
311083
312812
314521
316224
317898
319567
321270
322944
324622
326328
328048
329780
331504
333239
334952
336657
338335
340029
341997
343668
345362
347054
348797
350472
352196
353898
355612
357329
359017
360709
362606
364310
365977
367654
369305
370969
372644
374308
376041
377761
19926
38764
61612
62894
64222
65502
66932
68249
69538
70821
72150
73435
74721
76014
77303
78621
79951
81240
82518
83828
85116
86435
87762
89078
90371
91657
92947
94288
95615
96906
98222
99565
100869
102199
103484
104772
106052
107335
108655
109990
111269
112550
113842
115121
116446
117799
119115
120400
121684
122969
124291
125994
127686
129368
131025
132686
134382
136043
137704
139359
141054
142750
144456
146148
147859
149938
151626
153284
154940
156608
158284
159946
161603
163271
164992
166687
168430
170142
171862
173519
175178
176836
178515
180175
181842
183505
185157
186856
188564
190284
191979
193670
195328
196983
198731
200378
202069
203733
205387
207079
208778
210492
212189
213900
215581
217243
218912
220571
222235
223894
225551
227208
228902
230617
232330
234035
235778
237438
239123
240780
242439
244098
245755
247419
249261
250961
252659
254351
256050
257756
259459
261122
262796
264451
266101
267771
269466
271121
272827
274535
276238
277954
279678
281334
282998
284652
286313
287988
289648
291299
293002
294698
296391
298095
300286
301978
303718
305390
307042
308740
310412
312068
313755
315436
317091
318802
320733
322459
324172
325894
327594
329283
330947
332618
334300
335970
337646
339337
341126
342820
344550
346255
347955
350163
351872
353570
355235
356893
358543
360212
361863
363512
365166
366867
368557
370294
371992
373679
375372
377028
19949
38835
61421
62709
64007
65296
66627
67933
69220
70510
71812
73136
74463
75760
77050
78338
79638
80962
82471
83769
85056
86353
87645
88972
90333
91624
92907
94209
95500
96828
98156
99825
101129
102425
103712
105034
106389
107678
108961
110255
111544
112974
114310
115597
116883
118178
119460
120785
122151
123438
124725
126403
128061
129717
131424
133146
134848
136561
138264
140123
141795
143455
145114
146790
148513
150164
151827
153543
155238
156954
158667
160362
162084
163746
165395
167071
168729
170372
172045
173741
175434
177148
178848
180565
182310
183974
185630
187307
188966
190620
192288
193971
195624
197329
199115
200807
202535
204231
205889
207586
209246
210901
212576
214251
215909
217589
219284
220988
222736
224435
226125
227795
229464
231117
232791
234464
236122
237792
239595
241476
243230
244927
246617
248345
250007
251660
253337
254998
256658
258332
259996
261663
263416
265146
266841
268561
270262
271917
273597
275290
276956
278637
280301
281964
283677
285373
287082
288808
290521
292235
293911
295567
297222
298986
300647
302307
304009
305678
307375
309138
310848
312553
314287
315969
317631
319309
320995
322662
324378
326063
327746
329465
331170
332996
334717
336425
338125
339823
341494
343228
344948
346626
348297
350020
351686
353412
355141
356835
358576
360277
361931
363598
365275
366942
368616
370276
371933
373634
375353
377098
20061
39011
62899
64199
65540
66851
68151
69459
70763
72062
73431
74731
76181
77487
78788
80085
81442
82744
84039
85376
86676
88009
89355
90656
91954
93261
94558
95906
97276
99011
100315
101611
102906
104205
105549
106847
108149
109451
110743
112076
113417
114712
116043
117352
118653
119989
121333
122620
123925
125255
126550
128270
129996
131803
133531
135256
137014
138692
140375
142049
143736
145432
147107
148873
150560
152271
153994
155716
157426
159158
160843
162515
164191
165921
167594
169282
170968
172643
174364
176091
177806
179537
181281
182997
184698
186420
188096
189783
191464
193138
194825
196510
198219
199963
201687
203400
205129
206842
208513
210205
211890
213565
215274
216960
218638
220365
222090
223808
225538
227282
228996
230683
232373
234207
235917
237603
239278
240972
242656
244369
246097
247826
249940
251673
253408
255134
256979
258663
260342
262033
263721
265418
267116
268798
270478
272209
273937
275654
277542
279280
281002
282694
284407
286107
287798
289488
291174
292871
294553
296269
297994
300193
301911
303660
305392
307130
308833
310527
312206
313913
315620
317303
319011
320713
322436
324165
325942
327703
329441
331190
332913
334646
336344
338043
339745
341443
343123
344838
346530
348286
350124
351853
353594
355339
357083
358772
360462
362137
363825
365505
367174
368876
370557
372277
373998
375743
377503
379228
380959
382633
20194
39076
63267
64592
65888
67228
68575
69911
71221
72528
73859
75195
76543
77880
79186
80493
81794
83100
84445
85774
87080
88385
89681
90991
92453
93793
95100
96413
97710
99318
100663
101999
103298
104637
105935
107240
108582
109916
111218
112524
113853
115157
116505
117841
119172
120480
121775
123082
124430
125767
127070
128765
130442
132132
133952
135632
137325
139051
140769
142525
144301
146016
147746
149829
151526
153208
155111
156790
158496
160190
161867
163592
165284
166995
168722
170455
172174
173902
175655
177344
179034
180730
182409
184115
185813
187492
189180
190910
192645
194406
196140
197857
200028
201754
203429
205141
206834
208511
210197
211886
213581
215271
217001
218712
220443
222175
223906
225654
227584
229259
230961
232652
234335
236022
237715
239393
241081
242833
244592
246322
248047
250305
252034
253777
255546
257240
258928
260606
262296
264004
265686
267385
269087
270807
272537
274279
276049
277802
279530
281223
282922
284644
286324
288020
289714
291391
293127
294896
296609
298342
300065
301778
303464
305202
306918
308610
310315
312026
313718
315431
317117
318852
320605
322345
324080
325836
327620
329310
331016
332723
334435
336140
337820
339532
341233
342957
344730
346506
348235
350039
351773
353474
355218
356905
358605
360293
361989
363675
365369
367080
368799
370530
372236
373968
375736
377436
379125
380822
382512
384201
20305
39266
62169
63498
64838
66170
67462
68754
70047
71379
72680
73969
75257
76555
77913
79247
80553
81846
83321
84623
85919
87250
88554
89873
91162
92463
93787
95121
96424
97717
99406
100717
102008
103345
104643
105933
107220
108519
109839
111182
112480
113772
115056
116356
117691
119018
120331
121620
122906
124204
125533
127234
128948
130632
132291
134010
135681
137342
139040
140701
142355
144071
145779
147472
149428
151153
152847
154521
156185
157844
159533
161197
162890
164566
166264
167993
169712
171413
173116
174828
176495
178156
179885
181551
183219
184897
186567
188269
190006
191709
193407
195146
196874
198600
200310
202002
203681
205357
207022
208683
210355
212055
213764
215482
217222
218928
220630
222295
223953
225627
227292
228957
230639
232298
234002
235749
237453
239151
240903
242568
244230
245910
247576
249526
251222
252891
254556
256267
257966
259666
261406
263119
264826
266514
268181
269868
271537
273200
274868
276556
278264
279971
281716
283423
285143
286874
288546
290248
291930
293599
295257
296941
298661
300330
302043
303747
305464
307190
308891
310603
312291
313961
315638
317340
319094
320760
322456
324170
325887
327640
329360
331113
332832
334516
336186
337874
339550
341242
342929
344594
346281
348004
349728
351468
353237
354947
356596
358269
359934
361599
363272
364935
366595
368274
369975
371706
373423
375129
376834
378517
20304
39216
61977
63303
64598
65928
67241
68540
69853
71132
72426
73763
75047
76340
77625
78912
80245
81564
82850
84226
85517
86824
88155
89477
90768
92068
93397
94681
96019
97344
98682
99977
101260
102544
103922
105247
106533
107830
109116
110397
111734
113018
114316
115631
116918
118239
119573
120894
122179
123509
124795
126499
128214
129908
131606
133321
134999
136645
138350
140005
141659
143359
145021
146675
148399
150084
151776
153481
155177
156832
158504
160164
161818
163493
165150
166805
168522
170238
171969
173681
175377
177030
178701
180361
182023
183732
185393
187048
188719
190416
192113
193831
195527
197215
198969
200642
202304
204011
205702
207358
209030
210690
212381
214097
215793
217490
219188
220848
222520
224210
225871
227526
229205
230860
232552
234276
235980
237694
239442
241103
242752
244465
246123
247781
249778
251445
253102
254771
256460
258155
259867
261575
263276
264978
266639
268301
269978
271637
273379
275061
276732
278429
280149
281854
283548
285288
286960
288647
290325
291980
293653
295322
296981
298741
300450
302154
303858
305601
307424
309101
310792
312453
314130
315829
317499
319157
320852
322576
324285
326041
327763
329470
331161
332848
334564
336248
337917
339601
341299
342961
344676
346391
348107
350283
352009
353710
355443
357182
358839
360497
362163
363854
365506
367182
368837
370523
372239
373937
375665
377382
20062
38877
62154
63481
64820
66116
67403
68687
69981
71313
72598
73883
75171
76479
77799
79142
80431
81742
83029
84325
85682
87011
88295
89583
90858
92150
93477
94811
96099
97384
98756
100051
101375
102697
103981
105265
106575
107849
109196
110479
111773
113057
114341
115690
117019
118303
119584
120871
122158
123484
124810
126470
128128
129785
131446
133104
134771
136467
138163
139857
141568
143273
144976
146696
148375
150040
151710
153380
155037
156953
158622
160282
161983
163693
165398
167106
168815
170470
172139
173807
175465
177332
179000
180661
182340
184051
185764
187475
189182
190880
192550
194219
195878
197586
199481
201138
202830
204488
206161
207869
209578
211274
212981
214686
216345
218054
219721
221369
223041
224699
226386
228093
229810
231521
233254
234974
236654
238327
239996
241640
243309
244974
246649
248328
250029
251752
253496
255205
256898
258569
260242
261909
263591
265265
266957
268632
270300
271989
273708
275424
277125
278841
280514
282172
283845
285511
287209
288888
290552
292210
293915
295627
297323
299142
301008
302701
304386
306062
307747
309435
311114
312772
314463
316194
317900
319608
321344
323055
324774
326467
328171
329853
331524
333219
334941
336622
338288
340020
341739
343442
345177
346892
348639
350320
351997
353655
355328
356990
358635
360301
362002
363703
365421
367134
368850
370518
372185
373842
375517
377218
20138
39137
63323
64621
65930
67238
68839
70191
71541
72840
74147
75454
76767
78138
79478
80787
82090
83398
84699
86052
87398
88706
90012
91317
92622
94001
95302
96602
97907
99673
100978
102312
103680
104982
106287
107589
108937
110277
111642
112943
114248
115556
116862
118249
119597
120900
122197
123500
124808
126150
127497
129197
130875
132565
134254
135938
137643
139356
141038
142762
144527
146253
147990
150306
152031
153766
155500
157183
158877
160603
162285
163984
165673
167352
169072
170797
172517
174248
175980
177702
179454
181143
182824
184526
186225
187905
189624
191318
192998
194735
196469
198185
199918
201646
203351
205042
206737
208422
210156
211848
213524
215214
216905
218626
220372
222109
223831
225569
227260
229218
230934
232622
234310
235995
237686
239369
241064
242796
244517
246254
247989
250252
251988
253725
255450
257154
258848
260833
262531
264222
265906
267610
269325
271011
272748
274487
276215
277951
279733
281590
283298
284988
286668
288374
290095
291770
293476
295177
296895
298717
300487
302213
303945
305682
307404
309103
310850
312539
314253
315964
317649
319360
321064
322812
324558
326299
328045
329814
331582
333335
335054
336756
338438
340169
341863
343559
345262
346979
348774
350544
352298
354044
355806
357569
359261
360994
362686
364533
366229
367917
369600
371299
372992
374711
376446
378179
379963
381726
383458
385145
20144
38913
61779
63115
64393
65701
66997
68284
69644
70973
72260
73544
74835
76121
77467
78799
80084
81398
82692
83980
85307
86639
87928
89219
90505
91795
93135
94426
95745
97039
98336
99675
101008
102287
103594
104887
106170
107497
108826
110104
111392
112683
113968
115298
116645
117926
119212
120526
121810
123139
124432
126107
127765
129429
131080
132740
134438
136129
137866
139570
141261
142963
144657
146337
148001
150134
151787
153715
155373
157025
158684
160352
162029
163728
165436
167146
168843
170502
172155
173815
175483
177134
178796
180463
182153
183852
185569
187308
188999
190708
192360
194015
195684
197331
199081
200746
202400
204097
205804
207536
209227
210951
212602
214259
215925
217578
219236
220934
222590
224250
225977
227681
229389
231095
232783
234447
236112
237762
239421
241090
242742
244402
246103
247846
249909
251618
253309
255287
257022
258712
260372
262043
263711
265378
267048
268725
270387
272095
273792
275505
277231
278928
280599
282264
283918
285577
287258
288940
290596
292253
293946
295640
297373
299158
300855
302525
304203
305871
307543
309228
310897
312570
314240
315963
317685
319384
321103
322837
324506
326194
327885
329555
331224
332916
334584
336260
338004
339722
341424
343141
344856
346533
348210
349853
351522
353179
354832
356564
358261
359945
361634
363331
365024
366731
368378
370043
371713
373385
375045
376709
20571
40011
65550
66844
68167
69472
70803
72103
73409
74701
76001
77365
78700
79999
81298
82591
83893
85234
86561
87855
89147
90443
91746
93076
94421
95724
97016
98365
99654
100984
102342
103642
104934
106230
107530
108855
110155
111473
112760
114052
115389
116715
118006
119317
120608
121905
123243
124571
125870
127168
128845
130523
132208
133868
135587
137308
139047
140757
142482
144153
145839
147509
149418
151087
152756
154439
156122
157843
159555
161282
163026
164745
166465
168190
169875
171557
173230
174904
176585
178290
179964
181686
183405
185135
186853
188582
190294
191982
193652
195340
197024
198801
200465
202134
203814
205522
207246
208988
210717
212429
214101
215772
217456
219160
220827
222508
224190
225856
227579
229313
231018
232739
234468
236135
237810
239531
241199
242881
244563
246493
248160
250360
252031
253753
255486
257201
258926
260670
262376
264056
265743
267423
269127
270817
272486
274170
275853
277556
279288
281049
282780
284509
286195
287868
289582
291265
292941
294626
296335
298007
300208
301887
303591
305315
307047
308757
310512
312207
313875
315576
317272
318945
320643
322355
324028
325776
327523
329241
331008
332759
334488
336183
337871
339747
341439
343140
344814
346519
348220
349871
351642
353380
355096
356828
358567
360510
362189
363871
365533
367208
368895
370558
372234
373914
375652
377377
379100
381273
383028
384757
20180
38940
61676
64186
66228
67995
69552
70916
72212
73518
74884
76225
77535
78839
80134
81441
82782
84143
85448
86742
88041
89347
90692
92031
93361
94667
95964
97277
98664
100002
101326
102614
103931
105234
106576
107912
109219
110521
111818
113124
114493
115824
117128
118444
119743
121046
122390
123689
124995
126296
127595
129328
131054
132770
134539
136264
137989
139678
141362
143036
144727
146414
148082
150302
152023
153741
155446
157169
158887
160618
162347
164064
165741
167426
169258
170947
172634
174303
176012
177695
179374
181098
182826
184574
186305
188037
189717
191408
193092
194768
196451
198139
200378
202066
203770
205495
207222
208949
210674
212401
214139
215858
217547
219247
220921
222607
224287
225981
227672
229357
231072
232806
234556
236272
238030
239715
241393
243082
244765
246450
248140
250368
252049
253935
255659
257347
259078
260808
262526
264251
265981
267669
269367
271058
272737
274435
276142
277816
279512
281248
282974
284993
286720
288463
290186
291914
293603
295298
296979
298721
300411
302088
303788
305700
307385
309102
310839
312574
314298
316050
317745
319429
321141
322854
324540
326342
328050
329736
331441
333189
334955
336702
338459
340199
341929
343627
345312
347027
348790
350468
352182
353882
355597
357334
359070
360790
362531
364254
365988
367676
369359
371021
372734
374427
376125
377817
379500
381211
382948
384696
19995
38813
62138
63460
64764
66062
67354
68657
70003
71300
72601
73893
75187
76523
77854
79143
80445
81744
83034
84371
85705
87000
88301
89594
90888
92250
93566
94875
96172
97471
98910
100240
101553
102847
104134
105431
106728
108065
109381
110673
111963
113262
114564
115953
117253
118544
119834
121133
122446
123766
125070
126740
128407
130088
131764
133432
135094
136844
138993
140850
142569
144278
145995
147701
149673
151360
153025
154689
156363
158032
159697
161379
163044
164761
166510
168213
169941
171653
173322
174986
176666
178336
180003
181686
183361
185024
186741
188453
190209
191929
193661
195319
196995
198729
200419
202098
203779
205438
207114
208817
210548
212266
213961
215674
217352
219019
220672
222352
224016
225678
227355
229016
230752
232467
234365
236075
237794
239519
241183
242863
244528
246195
247868
249942
251660
253361
255032
256734
258471
260209
261919
263646
265325
266998
268703
270377
272042
273724
275398
277061
278787
280545
282249
283990
285751
287451
289142
290816
292472
294159
295826
297489
299329
301038
302753
304472
306189
307898
309620
311310
312981
314665
316353
318183
319869
321572
323260
324991
326714
328449
330213
331932
333635
335353
337033
338708
340392
342092
343766
345449
347138
348931
350693
352470
354180
355897
357605
359275
360952
362616
364275
365951
367631
369293
370987
372699
374404
376124
377836
379541
20088
38935
63794
65105
66416
67744
69055
70356
71663
72977
74295
75617
76930
78233
79537
80850
82167
83486
84814
86111
87417
88723
90040
91344
92654
93989
95294
96602
97916
99641
100947
102234
103699
105006
106322
107647
108953
110246
111661
112967
114287
115604
116911
118210
119516
120823
122148
123465
124798
126097
127404
129121
130831
132541
134256
135967
137682
139371
141048
142721
144445
146121
147810
149880
151556
153244
154949
156646
158366
160126
161818
163572
165278
166957
168642
170332
172007
173691
175375
177050
178757
180473
182169
183874
185654
187329
189015
190707
192380
194080
195773
197458
199282
200975
202669
204376
206118
207816
209524
211219
212931
214623
216313
217993
219681
221375
223051
224753
226514
228212
229921
231634
233315
235021
236710
238382
240073
241769
243445
245124
246870
248618
250324
252038
253746
256419
259197
261896
264147
266131
267914
269592
271270
272957
274665
276400
278095
279819
281529
283195
284872
286544
288200
289870
291529
293190
294899
296646
298365
300062
301767
303454
305174
306843
308497
310167
311841
313512
315207
316951
318657
320374
322113
323840
325557
327225
328906
330616
332378
334052
335742
337536
339202
340930
342669
344375
346101
347834
349855
351564
353250
354915
356596
358269
359934
361604
363273
364975
366719
368430
370133
371837
373539
375202
376872
378535
380192
381865
383534
385217
20176
39097
63179
64484
65803
67114
68461
69802
71112
72417
73716
75059
76609
77949
79251
80554
81854
83158
84519
85867
87172
88467
89775
91079
92419
93782
95087
96400
97711
99278
100621
101960
103260
104557
105884
107186
108524
109884
111184
112478
113783
115376
116710
118047
119350
120647
121948
123252
124592
125937
127241
128921
130610
132298
133971
135697
137388
139112
140836
142581
144321
146053
147772
149844
151533
153217
154891
156604
158285
159976
161665
163349
165078
166806
168551
170267
171990
173703
175379
177101
178782
180454
182141
183826
185526
187217
188938
190664
192389
194170
195890
197567
199492
201163
202852
204534
206250
207939
209625
211297
213051
214777
216493
218223
219958
221632
223320
225001
226699
228417
230101
231773
233467
235348
237061
238791
240513
242252
243992
245729
247403
249241
250922
252600
254302
256289
257969
259659
261344
263053
264846
266583
268311
270048
271766
273448
275143
276923
278636
280340
282023
283707
285413
287144
288861
290593
292324
294048
295771
297459
299309
300993
302675
304358
306086
307775
309459
311196
312951
314693
316457
318190
319927
321642
323336
325019
326770
328492
330180
331905
333608
335294
337025
338775
340508
342264
344002
345737
347443
349293
350994
352693
354392
356115
357813
359498
361211
363005
364733
366451
368168
369893
371568
373260
374945
376651
378342
380027
381712
383403
20915
40387
64301
65619
68627
71033
72983
74678
76163
77537
78905
80216
81526
82828
84138
85482
86826
88222
89530
90834
92143
93505
94844
96155
97460
98933
100241
101599
102947
104257
105559
106870
108180
109548
110913
112224
113522
114837
116140
117479
119167
120522
121823
123190
124502
125806
127154
128507
129813
131121
132429
134119
135849
137602
139365
141102
142845
144569
146270
147966
150160
151861
153582
155269
156968
158662
160374
162078
163813
165543
167281
169038
170765
172464
174158
175842
177540
179239
180939
182640
184342
186065
187890
189663
191405
193146
194882
196628
198358
200042
201727
203467
205163
206846
208545
210356
212080
213818
215558
217291
219044
220783
222482
224186
225882
227565
229266
231136
232825
234530
236226
237992
239778
241517
243238
244978
246715
248447
250146
251839
253545
255245
256937
258629
260366
262071
263803
265545
267279
269017
270764
272473
274171
275880
277578
279268
281006
282703
284399
286110
287888
289624
291372
293110
294837
296581
298312
299993
301714
303416
305100
306796
308490
310182
311914
313657
315401
317150
318890
320636
322366
324070
325778
327507
329217
330953
332680
334396
336098
338115
339871
341614
343366
345128
346864
348686
350393
352125
353835
355533
357241
358952
360668
362365
364078
365812
367541
369278
371016
372760
374481
376206
377891
379595
381340
383029
384731
386428
388150
389888
20137
38978
62620
63949
65270
66572
67856
69154
70439
71776
73109
74408
75693
76988
78278
79647
80978
82278
83581
84862
86162
87496
88787
90089
91380
92672
94008
95347
96635
97931
99582
100993
102292
103628
104953
106248
107539
108828
110150
111484
112772
114068
115358
116647
118012
119343
120632
121934
123226
124514
125849
127558
129259
130976
132641
134305
135988
137652
139311
140999
142666
144363
146077
147776
149803
151519
153243
154938
156614
158283
159944
161618
163280
164943
166621
168342
170078
171794
173501
175209
176910
178577
180243
181921
183597
185260
186952
188621
190418
192135
193839
195544
197264
199085
200748
202451
204117
205779
207455
209123
211008
212684
214399
216090
217809
219514
221223
222937
224601
226262
227940
229600
231386
233064
234728
236438
238149
239854
241559
243276
244987
246674
248353
250010
251695
253377
255047
256710
258414
260169
261881
263609
265324
267037
268713
270412
272080
273755
275429
277105
278793
280494
282198
283919
285631
287336
289062
290734
292399
294080
295751
297409
299184
300899
302555
304502
306218
307929
309658
311383
313098
314780
316473
318161
319861
321571
323257
324945
326626
328375
330116
331830
333536
335279
336993
338679
340370
342089
343765
345447
347138
348880
350600
352337
354096
355817
357522
359231
360938
362600
364257
365932
367597
369267
370980
372640
374349
376079
377802
379499
20389
39251
62425
63745
65033
66330
67918
69208
70539
71865
73155
74446
75731
77030
78349
79673
80961
82251
83537
84818
86148
87431
88738
90027
91311
92601
93970
95289
96571
97881
99379
100653
101989
103274
104562
105854
107157
108475
109805
111090
112417
113708
114979
116308
117636
118929
120217
121510
122794
124113
125407
127065
128749
130417
132072
133731
135396
137050
138752
140461
142156
143856
145557
147215
148975
150641
152290
153948
155611
157287
158980
160679
162359
164103
165824
167506
169186
170850
172498
174159
175825
177484
179152
180852
182554
184257
185957
187651
189333
190996
192651
194311
195966
197659
199516
201179
202889
204591
206296
207991
209703
211370
213025
214675
216339
218012
219675
221338
222994
224692
226402
228097
229816
231539
233183
234841
236508
238394
240053
241710
243363
245024
246752
248476
250172
251899
253606
255272
256927
258633
260304
261975
263639
265319
266981
268687
270379
272079
273784
275482
277150
278850
280512
282163
283820
285478
287155
288853
290556
292257
293961
295655
297317
299090
300753
302412
304076
305783
307483
309207
310922
312665
314407
316131
317856
319578
321258
322935
324604
326286
327964
329639
331300
333020
334723
336445
338152
339908
341606
343274
344954
346625
348327
349985
351648
353303
354995
356684
358379
360092
361850
363552
365220
366878
368563
370219
371884
373541
375201
376908
20244
39093
62241
63566
64852
66145
67445
68778
70114
71443
72737
74023
75315
76596
77938
79273
80568
81856
83149
84438
85777
87106
88401
89698
90988
92267
93601
94899
96184
97463
98927
100231
101567
102855
104140
105424
106715
108137
109468
110757
112041
113328
114619
115945
117271
118563
119903
121192
122483
123806
125152
126819
128470
130154
131816
133471
135138
136806
138480
140178
141950
143674
145382
147083
148812
150489
152153
153812
155476
157141
158818
160516
162215
163916
165683
167388
169065
170738
172406
174062
175727
177538
179219
180880
182542
184228
185936
187644
189356
191078
192761
194412
196072
197733
199767
201424
203090
204746
206445
208149
209827
211538
213246
214903
216564
218232
220179
221841
223506
225153
226854
228529
230210
231922
233632
235323
237014
238689
240369
242029
243692
245346
247009
248746
250427
252133
253864
255550
257251
258909
260943
262616
264293
265957
267619
269296
270954
272617
274325
276035
277746
279453
281361
283066
284728
286389
288061
289734
291393
293061
294752
296439
298129
299874
301598
303310
305002
306671
308346
310185
311860
313525
315199
316880
318551
320231
321974
323693
325395
327124
328821
330665
332332
334022
335688
337364
339035
340713
342427
344172
345890
347604
349604
351390
353098
354764
356420
358084
359745
361408
363061
366643
369376
371640
373655
377075
379761
381497
383197
384921
