20442
39647
63173
64508
65853
67159
68685
69996
71308
72690
74038
75351
76661
77970
79285
80628
82014
83327
84637
85980
87291
88640
89987
91290
92599
93909
95218
96572
97912
99521
100827
102139
103477
104811
106154
107463
108769
110082
111391
112766
114114
115424
116734
118046
119355
120705
122065
123375
124682
125994
127300
129050
130770
132503
134226
135952
137661
139341
141027
142709
144387
146077
147750
149668
151345
153415
155132
156858
158575
160293
162046
163726
165397
167086
168767
170446
172131
173972
175655
177343
179100
180822
182540
184263
185989
187697
189387
191069
192758
194459
196132
197820
199810
201488
203230
204947
206665
208389
210113
211845
213527
215209
216885
218569
220239
221911
223631
225348
227069
228835
230548
232290
234056
235743
237603
239282
240956
242638
244350
246024
247703
249663
251347
253094
254820
256544
258269
259989
261672
263353
265066
266755
268443
270137
271838
273541
275263
276973
278740
280475
282204
285386
287218
289296
291160
292882
294615
296341
298057
300182
301904
303588
305292
306978
308662
310340
312020
313975
315661
317360
319091
320846
322587
324339
326071
327754
329461
331143
332837
334605
336310
337998
339685
341390
343119
344849
346570
348317
350029
351717
353421
355440
357133
358818
360511
362191
363878
365554
367260
368977
370693
372407
374126
375900
377582
379261
380947
382629
384337
386022
20506
39772
63374
64687
66014
67350
68691
69988
71302
72608
73912
75278
76649
77946
79257
80567
81875
83260
84603
85916
87222
88528
89830
91169
92531
93835
95142
96454
97754
99367
100720
102046
103352
104661
105968
107312
108653
109958
111255
112555
113888
115218
116560
117869
119168
120467
121775
123140
124441
125749
127047
128722
130408
132070
134096
135815
137531
139270
140995
142727
144411
146093
147771
149749
151433
153101
154783
156467
158144
159854
161612
163336
165081
166824
168545
170227
171911
173580
175253
176948
178623
180303
182029
183783
185506
187229
188942
190655
192343
194023
195693
197376
199180
200854
202546
204249
205966
207694
209402
211112
212838
214546
216219
217935
219611
221293
222976
224669
226343
228060
229775
231487
233229
234945
236665
238359
240037
241710
243394
245081
246765
248502
250175
252068
253810
255523
257235
258956
260672
262345
264044
265741
267443
269144
270825
272511
274318
276032
277754
279494
281219
282940
284673
286346
288020
289715
291402
293081
295056
296727
298438
300116
301839
303563
305283
307010
308745
310441
312120
313821
315539
317222
318924
320631
322310
324023
325761
327479
329204
330954
332693
334377
336222
337912
339608
341303
342989
344716
346409
348091
350228
352001
353717
355450
357187
358897
360610
362301
363965
365678
367362
369027
370710
372403
374068
375787
377507
379233
380952
382684
20614
39874
63411
64743
66048
67355
68673
69973
71333
72666
73966
75278
76599
77897
79242
80564
81871
83242
84559
85874
87205
88540
89853
91195
92538
93842
95174
96488
97799
99411
100716
102025
103359
104702
106003
107320
108657
109964
111298
112645
113951
115268
116576
117885
119220
120582
121891
123238
124535
125949
127286
128995
130731
132427
134124
135808
137500
139179
140852
142558
144231
145950
147690
149691
151411
153129
154845
156557
158251
159950
161632
163336
165013
166688
168374
170082
171791
173519
175251
176975
178692
180367
182049
183788
185470
187153
188845
190520
192205
193948
195677
197391
199257
200964
202684
204396
206066
207741
209455
211124
212827
214520
216190
217899
219601
221307
223027
224767
226445
228119
229804
231474
233183
234867
236546
238233
239945
241685
243424
245137
246854
248662
250356
252029
253731
255432
257113
258792
260476
262154
263866
265591
267309
269032
270735
272410
274129
275814
277515
279199
280902
282578
284264
285985
287692
289410
291134
292858
294619
296314
297987
300028
301721
303393
305073
306761
308433
310119
311881
313620
315364
317097
318837
320575
322278
323993
325689
327429
329121
330822
332533
334220
335938
337679
339407
341133
342856
344710
346395
348084
349793
351477
353194
354871
356554
358251
359954
361684
363389
365226
366946
368672
370344
372017
373729
375408
377102
378797
380468
382144
20417
39764
63708
65017
66331
67713
69051
70359
71678
72984
74300
75658
77041
78359
79679
80985
82302
83660
84989
86306
87627
88974
90286
91642
93006
94321
95638
96950
98308
99648
100978
102284
103600
104907
106215
107585
108904
110220
111539
112846
114153
115511
116839
118156
119466
120771
122089
123446
124756
126088
127404
129136
130832
132527
134227
135960
137718
139432
141156
142890
144585
146280
147966
150122
151856
153536
155217
156912
158709
160399
162132
163852
165587
167324
169038
170733
172419
174101
175787
177479
179447
181137
182822
184503
186245
188015
189734
191486
193221
194962
196658
198372
200068
201790
203482
205162
206859
208542
210271
211985
213717
215453
217188
218902
220597
222279
223985
225662
227357
229072
230766
232447
234191
235924
237661
239377
241104
242837
244519
246212
247899
249967
251660
253359
255046
256746
258468
260180
261907
263633
265343
267083
268816
270507
272201
273899
275582
277277
279023
280715
282407
284145
285887
287619
289357
291107
292844
294546
296222
297916
300031
301711
303404
305104
306802
308498
310240
311964
313697
315452
317166
318895
320625
322330
324030
325729
327434
329185
330893
332599
334352
336361
338063
339816
341560
343287
345020
346732
348452
350155
351873
353554
355250
356952
358642
360326
362041
363759
365488
367222
368923
370639
372333
374016
375706
377401
379094
380788
382488
384203
20478
39739
63220
64571
65883
67193
68509
69823
71169
72546
73860
75167
76485
77798
79145
80526
81841
83148
84465
85779
87124
88477
89789
91094
92408
93746
95092
96451
97790
99383
100697
102027
103426
104779
106090
107388
108703
110015
111360
112727
114060
115365
116681
118038
120022
121451
122890
124305
125677
127587
128942
130688
132394
134094
135781
137518
139244
140998
142719
144435
146122
147846
149864
151551
153234
154931
156603
158286
159958
161676
163429
165146
166870
168600
170326
172015
173700
175369
177055
178741
180412
182119
183819
185532
187261
188980
190692
192415
194100
195771
197477
199358
201031
202718
204422
206098
207785
209512
211219
212940
214670
216379
218063
219747
221418
223102
224815
226485
228169
229854
231596
233313
235040
236755
238475
240159
241824
243510
245224
246916
248652
250316
251998
253713
255432
257160
258877
260593
262303
263985
265699
267382
269065
270756
272430
274135
275810
277531
279250
280980
282704
284438
286131
287820
289495
291184
292892
294594
296263
297948
300066
301780
303489
305208
306939
308659
310385
312065
313753
315489
317184
318865
320566
322262
323952
325664
327406
329130
330865
332603
334366
336077
337768
339459
341155
342844
344544
346260
347936
350115
351823
353543
355274
356998
358720
360445
362148
363806
365524
367206
368877
370561
372244
373920
375639
377353
379086
380813
382541
384255
20549
39792
62997
64313
65645
66957
68292
69636
70939
72255
73563
74875
76242
77586
78898
80214
81520
82857
84195
85571
86881
88196
89504
90814
92149
93482
94816
96137
97442
98886
100458
101803
103114
104450
105753
107062
108392
109737
111049
112365
113670
114978
116330
117800
119109
120425
121728
123036
124371
125844
127155
128848
130524
132207
133929
135603
137292
139014
140741
142462
144166
145940
147692
149812
151522
153221
154925
156591
158269
159959
161635
163315
165008
166742
168473
170196
171917
173639
175331
177009
178686
180376
182051
183725
185421
187103
188818
190542
192260
193972
195714
197383
199221
200912
202596
204277
205969
207644
209325
211017
212728
214453
216191
217918
219639
221329
223005
224685
226377
228050
229730
231425
233106
234824
236556
238272
239987
241713
243457
245157
246849
248581
250251
251979
253664
255351
257083
258793
260501
262227
263948
265681
267385
269059
270739
272426
274107
275789
277504
279190
280916
282640
284356
286364
288077
289798
291526
293225
294898
296573
298296
299963
301665
303364
305049
306794
308517
310239
311961
313756
316001
318107
319978
321740
323474
325190
326916
328625
330346
332079
333800
335517
337253
339010
340771
342530
344277
346070
347824
350006
351777
353607
355314
357030
358743
360441
362146
363851
365545
367281
369046
370836
372588
374337
376211
377955
379702
381400
383118
384828
20444
39728
63305
64615
65922
67227
68573
69926
71239
72574
73883
75197
76544
77893
79206
80540
81848
83153
84504
85857
87169
88481
89784
91120
92493
94002
95313
96628
97976
99657
100964
102307
103667
104976
106281
107594
108901
110250
111597
112926
114233
115544
116855
118202
119543
120856
122163
123475
124791
126140
127451
129134
130829
132514
134188
135867
137559
139238
140945
142664
144591
146313
148036
150159
151872
153584
155265
156935
158619
160301
161978
163662
165542
167221
168944
170662
172396
174154
175877
177593
179279
180958
182638
184324
186012
187691
189377
191057
192775
194539
196261
197972
200110
201832
203526
205213
206885
208565
210241
211921
213590
215314
217033
218757
220473
222191
223932
225653
227326
229013
230686
232370
234050
235760
237441
239126
240852
242573
244307
246033
247753
249822
251528
253205
254898
256584
258275
259951
261638
263318
265081
266800
268539
270263
271985
273709
275399
277073
278769
280451
282144
283823
285538
287215
288943
290662
292396
294111
295830
297538
299494
301164
302834
304528
306226
307916
309607
311306
313018
314785
316518
318248
319981
321734
323429
325111
326835
328529
330223
331934
333668
335389
337080
338820
340540
342296
344028
345770
347465
349353
351057
352754
354446
356151
357846
359532
361208
362925
364653
366366
368083
369803
371484
373161
374845
376553
378237
379921
381605
383369
20495
40128
63547
64903
66217
67528
68836
70156
71506
72848
74168
75482
76792
78108
79460
80807
82125
83432
84754
86079
87425
88768
90121
91429
92737
94055
95407
96744
98066
99759
101064
102411
103758
105099
106415
107723
109048
110365
111709
113050
114367
115675
116983
118299
119675
121019
122338
123648
124955
126270
127616
129350
131182
132897
134577
136299
137986
139685
141382
143068
144746
146440
148158
149941
151643
153360
155094
156812
158489
160223
161905
163582
165274
166954
168653
170380
172096
173816
175551
177289
179004
180756
182440
184120
185819
187500
189179
190874
192559
194274
196008
197719
199728
201509
203238
204968
206662
208342
210071
211766
213444
215122
216815
218492
220204
221939
223654
225369
227105
228818
230532
232229
233917
235596
237290
238968
240647
242344
244059
245780
247517
249414
251157
252894
254789
256473
258172
259875
261553
263246
264931
266616
268322
270045
271787
273520
275265
276985
278689
280403
282089
283789
285477
287161
288907
290595
292289
294027
295745
297463
299378
301134
302845
304578
306271
307956
309661
311352
313033
314747
316441
319217
321599
323691
325502
327191
328893
330598
332343
334100
335833
338391
340585
342617
344339
346737
348911
351161
353238
355053
356760
358453
361273
363748
365887
367780
369465
371145
372843
374538
376249
377964
379700
381449
383165
384895
386579
388257
390024
391708
20495
39709
62917
64233
65588
66944
68262
69569
70881
72197
73541
74893
76213
77519
78831
80147
81492
82846
84164
85475
86791
88099
89466
90822
92129
93459
94769
96080
97433
98898
100202
101512
102827
104132
105481
106835
108141
109449
110768
112074
113425
114777
116086
117395
118712
120019
121367
122710
124015
125325
126641
128317
130039
131770
133489
135238
136975
138679
140386
142079
143756
145440
147135
148885
150568
152289
153999
155720
157438
159160
160926
162602
164284
165980
167658
169363
171057
172731
174413
176138
177852
179574
181343
183062
184786
186481
188158
189841
191536
193211
194895
196577
198248
200028
201757
203492
205215
206934
208617
210310
211985
213667
215361
217033
218707
220419
222162
223879
225605
227321
229046
230800
232502
234184
235877
237576
239300
240994
242685
244366
246088
247797
249775
251548
253307
255034
256763
258437
260120
261813
263497
265188
266893
268577
270256
272014
273724
275499
277238
278964
280716
282419
284100
285783
287521
289202
290901
292617
294293
296012
297740
299737
301598
303336
305071
306814
308518
310206
311892
313604
315294
316984
318695
320400
322173
323911
325649
327400
329138
330891
332601
334303
335986
337725
339431
341118
342834
344551
346235
347948
350067
351823
353554
355297
357020
358742
360432
362109
363896
365588
367263
368943
370638
372358
374076
375808
377527
379250
380982
382684
20399
39671
62699
64062
65418
66732
68040
69359
70669
72018
73373
74683
75990
77338
78649
79997
81354
82665
83974
85283
86593
87930
89269
90580
91888
93205
94513
95862
97174
98521
99813
101127
102457
103801
105117
106425
107729
109044
110381
111725
113044
114353
115660
116976
118317
119662
120970
122279
123585
124903
126246
127964
129700
131404
133082
134775
136480
138159
140068
141744
143425
145149
146828
148589
150319
152036
153751
155485
157168
158843
160557
162236
163913
165598
167282
168983
170714
172429
174145
175880
177598
179361
181054
182734
184415
186108
187786
189571
191265
192944
194658
196392
198103
200262
201993
203707
205425
207120
208801
210506
212199
213963
215643
217338
219039
220750
222488
224206
225916
227651
229391
231115
232816
234501
236179
237873
239553
241229
242920
244635
246348
248084
250179
251901
253632
255356
257036
258729
260453
262132
263853
265543
267230
268931
270649
272367
274106
275821
277547
279299
281017
282700
284399
286090
287768
289485
291177
292859
294584
296304
298150
299881
301612
303327
305040
306724
308411
310160
311843
313563
315270
316962
318694
320454
322181
323920
325672
327426
329113
330956
332662
334349
336044
337747
339437
341142
342831
344573
346313
348076
350227
351999
353728
355442
357144
358825
360543
362235
363936
365604
367294
368971
370684
372409
374132
375869
377603
379312
381016
382709
20590
39916
63567
64910
66229
67544
68899
70262
71578
72893
74213
75527
76882
78251
79565
80871
82216
83529
84897
86257
87570
88886
90207
91555
92908
94259
95570
96889
98204
99562
101007
102342
103658
104969
106283
107597
108947
110299
111614
112926
114240
115553
116908
118255
119571
120885
122228
123543
124897
126241
127555
129232
130925
132643
134334
136022
137716
139439
141182
142906
144638
146365
148068
150219
151907
153604
155280
156968
158652
160340
162058
163737
165455
167183
168907
170635
172357
174046
175723
177413
179090
180802
182535
184226
185909
187637
189363
191092
192815
194545
196293
197977
200171
201873
203649
205340
207039
208725
210413
212112
213796
215525
217295
219019
220746
222483
224200
225878
227579
229264
230956
232692
234378
236070
237772
239493
241219
242963
244682
246409
248138
249825
251513
253253
254945
256640
258335
260020
261710
263445
265169
266922
268670
270400
272119
273852
275542
277234
278943
280642
282357
284065
285758
287486
289228
290956
292700
294460
296175
297867
300005
301686
303409
305109
306814
308508
310217
311914
313642
315400
317300
319035
320804
322556
324320
326022
327730
329431
331145
332881
334595
336304
337997
339706
341455
343193
344970
346736
348507
350231
351967
353698
355398
357107
358802
360491
362191
363879
365598
367357
369077
370803
372545
374299
375992
377690
379377
381068
382776
384465
20394
40167
64329
65639
66954
68274
69611
71008
72330
73641
74957
76293
77623
78980
80302
81613
82930
84248
85617
86995
88331
89641
90958
92278
93606
95117
96428
97742
99350
100670
101977
103329
104646
105954
107267
108585
109908
111252
112569
113870
115185
116528
117860
119214
120533
121842
123156
124463
125810
127168
128486
130168
131860
133546
135228
137039
138738
140418
142147
143874
145601
147322
149161
150869
152561
154274
155974
157667
159361
161041
162733
164504
166267
167996
169724
171457
173186
174921
176606
178300
179993
181675
183366
185063
186782
188475
190227
191942
193671
195424
197117
198934
200630
202311
204006
205725
207423
209115
210808
212490
214217
215962
217663
219395
221129
222835
224528
226213
227906
229600
231295
232976
234674
236430
238128
240026
241765
243476
245203
246929
248665
250349
252042
253727
255428
257170
258855
260544
262278
263996
265729
267471
269179
270919
272616
274324
276021
277740
279431
281136
282839
284527
286282
288021
289761
291497
293244
294985
296664
298389
300062
301748
303441
305126
306836
308538
310245
311986
313723
315458
317200
318942
320646
322363
324089
325765
327701
329408
331099
332816
334534
336271
338026
339808
341522
343253
344994
346700
348527
350215
351911
353612
355308
357022
358723
360421
362114
363842
365575
367289
369013
370705
372388
374121
375818
377526
379221
380917
382606
384336
20559
40170
63505
64839
66136
67472
68792
70239
71550
72882
74213
75524
76845
78152
79465
80800
82109
83431
84750
86050
87401
88736
90043
91357
92677
93977
95318
96701
98012
99641
100960
102268
103579
104913
106274
107585
108903
110212
111521
112857
114200
115513
116832
118153
119463
120803
122110
123419
124737
126046
127605
129320
131039
132756
134487
136211
137899
139595
141275
142950
144647
146319
148193
149916
151658
153385
155114
157074
158791
160512
162227
163923
165600
167283
168980
170795
172482
174179
175856
177608
179343
181059
182782
184515
186241
187948
189648
191328
193015
194712
196394
198132
199838
201553
203264
205017
206741
208465
210178
211859
213540
215238
216916
218623
220319
221999
223723
225455
227198
228925
230638
232357
234048
235744
237426
239129
240825
242498
244186
245884
247630
249575
251286
253008
254746
256487
258198
259885
261582
263263
264976
266684
268395
270079
271777
273500
275231
276966
278699
280440
282160
283842
285533
287233
288951
290638
292343
294027
295701
297571
299521
301244
302960
304679
306400
308094
309793
311481
313178
314871
316570
318265
319970
321709
323455
325181
326927
328649
330385
332082
333791
335482
337171
338919
340620
342316
344011
345753
347483
349398
351150
352889
354610
356344
358035
359742
361422
363106
364783
366467
368143
369826
371542
373280
374999
376725
378442
380169
381856
383593
20526
39873
63521
64872
66180
67516
68835
70150
71499
72879
74193
75505
76826
78141
79493
80843
82189
83502
84889
86211
87566
88919
90255
91803
93118
94431
95780
97128
98476
99794
101103
102413
103761
105108
106419
107739
109052
110363
111716
113088
114399
115720
117038
118349
119700
121050
122388
123709
125023
126334
127682
129410
131138
133137
134863
136551
138254
139945
141646
143346
145036
146721
148490
150200
151948
153746
155469
157195
158926
160617
162330
164028
165716
167401
169100
170788
172473
174192
175929
177657
179391
181136
182921
184622
186334
188020
189717
191405
193092
194794
196484
198216
200002
201744
203509
205239
206961
208659
210345
212039
213736
215428
217110
218807
220493
222240
224051
225782
227506
229257
230982
232710
234412
236142
237826
239523
241211
242897
244597
246326
248046
250335
252655
254865
256778
258497
262025
264654
266990
268972
270737
272505
274206
276560
278641
280452
282136
283826
285544
287233
288938
290636
292376
294155
295891
297615
299629
301358
303109
304848
306536
308220
309919
311611
313335
315037
316737
318434
320201
321950
323717
325461
327205
328958
330667
332363
334072
335783
337485
339198
340925
342622
344374
346132
347860
349933
351673
353629
355362
357105
358875
360573
362284
364020
365714
367414
369102
370824
372523
374293
376015
377754
379483
381212
382967
384657
386343
388040
389734
391413
20484
39732
63383
64697
66005
67306
68623
69974
71334
72650
73962
75273
76589
77927
79296
80612
81962
83272
84668
86007
87360
88673
89983
91298
92610
93987
95326
96642
97950
99648
100959
102266
103629
104962
106272
107585
108896
110204
111556
112883
114191
115505
116819
118126
119483
120836
122146
123460
124785
126130
127487
129206
130884
132575
134260
135942
137668
139355
141034
142726
144474
146194
147918
149950
151687
153435
155159
156838
158529
160215
161898
163588
165284
166964
168654
170370
172130
173875
175595
177316
179047
180732
182413
184103
185810
187526
189217
190904
192583
194329
196052
197764
199839
201560
203280
204995
206670
208349
210040
211725
213403
215137
216823
218505
220232
221991
223728
225451
227176
228857
230548
232235
233920
235632
237319
239001
240694
242413
244121
245852
247582
249549
251280
253015
254703
256420
258110
259789
261478
263154
264875
266575
268306
270034
272018
273742
275466
277195
278890
280582
282282
283973
285676
287369
289054
290741
292479
294204
295920
297668
299632
301349
303075
304767
306473
308168
309864
311547
313241
314970
316664
318398
320143
321891
323630
325353
327093
328795
330493
332202
333918
335650
337336
339045
340752
342483
344219
345961
347689
349714
351466
353194
354894
356624
358317
360006
361690
363370
365234
366920
368598
370320
372042
373766
375496
377229
378911
380600
382295
383966
20433
39623
63115
64456
65766
67082
68390
69704
71056
72365
73677
74992
76302
77613
78996
80306
81620
82935
84244
85601
86955
88263
89576
90889
92197
93540
94895
96209
97521
99002
100308
101618
102969
104295
105603
106963
108270
109579
110933
112241
113547
114863
116193
117546
118898
120204
121515
122826
124132
125481
126831
128558
130236
131923
133602
135285
136978
138655
140340
142027
143752
145479
147208
148987
150758
152483
154161
155835
157520
159197
160882
162571
164250
165961
167686
169397
171117
172863
174584
176267
177954
179631
181313
183001
184683
186368
188054
189765
191487
193216
194934
196655
198371
200039
201721
203401
205079
206764
208472
210178
211902
213628
215345
217085
218810
220522
222206
223892
225573
227257
228944
230623
232302
233981
235674
237399
239123
240842
242564
244254
245924
247617
249546
251225
252916
254608
256308
257992
259716
261429
263344
265080
266788
268562
270250
271923
273611
275300
276986
278679
280376
282065
283812
285543
287238
288958
290697
292404
294090
295768
297491
299344
301024
302707
304380
306069
307775
309505
311228
312963
314698
316428
318150
319856
321541
323225
324930
326642
328332
330043
331794
333518
335244
336991
338722
340451
342137
343833
345518
347242
349027
350748
352447
354136
355862
357588
359285
361001
362726
364435
366118
367833
369514
371201
372892
374569
376252
377939
379644
381391
20458
39812
63089
64436
65775
67088
68399
69721
71067
72413
73734
75073
76375
77695
79052
80397
81718
83029
84346
85659
87004
88376
89698
91010
92318
93639
94982
96395
97721
99233
100541
101860
103176
104521
105867
107171
108479
109797
111132
112477
113815
115127
116439
117760
119103
120450
121771
123083
124396
125717
127058
128781
130523
132251
133937
135671
137362
139044
140744
142432
144118
145817
147560
149492
151220
152948
154669
156442
158159
159844
161535
163239
164920
166618
168307
170015
171705
173429
175143
176910
178632
180351
182083
183768
185512
187214
188899
190577
192269
193955
195639
197417
199257
200974
202712
204439
206442
208183
209871
211555
213264
214951
216633
218332
220056
221737
223474
225199
227037
228775
230495
232262
233967
235684
237367
239068
240756
242428
244129
245813
247954
250022
251705
253418
255163
256919
258646
260382
262100
263794
265499
267194
268886
270632
272318
274005
275709
277458
279179
280930
282672
284400
286139
287829
289513
291216
292913
294601
296290
298028
300114
301800
303520
305244
307015
308747
310481
312229
313917
315620
317333
319023
320758
322475
324162
325846
327596
329331
331053
332845
334592
336324
338067
339771
341469
343175
344870
346577
348336
350015
351713
353458
355181
356966
358697
360438
362150
363846
365519
367217
368908
370634
372309
374011
375689
377445
379158
380898
382632
384369
20497
39902
63100
64446
65804
67118
68426
69745
71097
72448
73942
75255
76564
77884
79195
80562
81935
83246
84554
85862
87174
88522
89886
91225
92533
93850
95163
96516
97867
99440
100738
102075
103385
104729
106083
107392
108700
110017
111363
112709
114067
115378
116687
118006
119317
120684
122046
123368
124675
125993
127304
129023
130926
132649
134364
136116
137841
139524
141396
143080
144763
146459
148144
149833
151661
153347
155065
156798
158517
160235
161992
163677
165380
167074
168760
170441
172418
174103
175802
177501
179221
180956
182693
184416
186141
187875
189556
191258
193058
194742
196424
198119
200183
201883
203578
205275
206991
208714
210433
212154
213891
215579
217260
218956
220635
222357
224053
225765
227445
229176
230930
232649
234386
236105
237824
239520
241204
242912
244612
246295
247975
250049
251753
253438
255180
256906
258629
260391
262107
263826
265528
267222
268912
270615
272346
274030
275760
277446
279188
280964
282696
284419
286163
287889
289571
291272
292988
294671
296365
298050
300144
301849
303522
305243
306982
308711
310510
312256
313976
315679
317407
319098
320801
322564
324258
325940
327658
329355
331083
332845
334586
336316
338057
339802
341494
343229
344920
346625
348352
350030
351879
353587
355282
357006
358755
360495
362207
363961
365643
367321
369019
370703
372673
374372
376055
377735
379433
381151
382878
384615
20349
39578
62559
63910
65253
66565
67876
69194
70506
71854
73173
74482
75791
77109
78421
79771
81090
82403
83710
85026
86372
87720
89039
90351
91659
92978
94317
95667
96980
98306
99721
101037
102381
103784
105090
106400
107705
109022
110369
111712
113021
114331
115639
116968
118312
119652
120961
122270
123578
124896
126240
127952
129683
131403
133405
135101
136789
138469
140154
141834
143512
145207
146889
148652
150382
152095
154095
155831
157568
159279
160974
162655
164340
166033
167732
169412
171105
172789
174634
176371
178089
179801
181536
183273
184956
186651
188335
190014
191709
193392
195067
196763
198519
200232
201961
203716
205433
207124
208806
210482
212176
213858
215537
217260
218941
220652
222383
224127
225846
227579
229295
230971
232685
234367
236046
237739
239419
241098
242799
244529
246246
247973
250015
251786
253551
255263
256946
258640
260314
261991
263687
265379
267194
268898
270619
272335
274107
275822
277569
279310
281000
282686
284385
286070
287749
289449
291140
292822
294590
296300
298012
300133
301880
303618
305339
307024
308712
310417
312100
313797
315530
317229
318924
320677
322408
324237
325991
327720
329449
331171
332878
334566
336266
337968
339658
341365
343054
345078
346781
348545
350286
352062
353800
355524
357254
358943
360619
362312
363991
365687
367378
369057
370782
372517
374240
375967
377704
379420
381105
382799
20530
39920
63694
65041
66350
67660
68978
70291
71642
72995
74308
75620
76938
78252
79603
80956
82270
83609
84926
86238
87590
88961
90273
91593
92932
94243
95595
96990
98313
99616
100927
102235
103586
104944
106253
107560
108871
110180
111536
112848
114187
115502
116814
118124
119476
120789
122098
123698
125009
126308
127662
129385
131110
132800
134516
136198
137892
139579
141261
143027
144716
146435
148200
149962
151695
153414
155145
156834
158521
160201
161881
163599
165281
166969
168647
170361
172089
173809
175539
177269
178989
180671
182425
184138
185823
187511
189199
190882
192563
194280
195998
197746
199728
201438
203174
204910
206594
208283
209969
211642
213347
215032
216710
218429
220148
221862
223611
225463
227183
228901
230586
232292
234005
235693
237375
239066
240753
242437
244157
245901
247622
249640
251360
253105
254845
256537
258221
259910
261598
263280
264975
266686
268410
270146
271872
273605
275361
277083
278773
280474
282205
283892
285586
287278
288960
290654
292387
294109
295855
297579
299556
301281
303005
304731
306436
308129
309811
311512
313193
314897
316636
318360
320099
321855
323589
325353
327105
328806
330498
332366
334080
335773
337465
339203
340904
342611
344340
346111
347839
349856
351597
353336
355106
356788
358487
360173
361852
363541
365226
366921
368610
370324
372043
373775
375539
377272
379018
380702
382402
384094
20533
39860
63706
65061
66389
67699
69016
70329
71677
73033
74369
75714
77029
78341
79688
81044
82360
83672
85005
86310
87661
89051
90368
91698
93017
94318
95663
97034
98368
99675
100989
102299
103649
105022
106468
107778
109091
110403
111748
113102
114415
115765
117082
118395
119742
121097
122407
123718
125032
126345
127691
129424
131145
132850
134543
136262
137947
139640
141353
143034
144725
146411
148118
149824
151577
153298
155027
156740
158421
160109
161795
163475
165182
166870
168548
170276
171997
173715
175485
177226
178938
180630
182316
184000
185719
187405
189086
190777
192464
194182
195914
197649
199651
201386
203109
204790
206521
208208
209930
211619
213306
214988
216673
218399
220117
221849
223572
225301
227064
228750
230430
232122
233815
235497
237187
238877
240557
242283
244001
245723
247477
249363
251092
252788
254482
256451
258145
259867
261550
263243
264932
266624
268361
270114
271836
273570
275296
277046
278745
280442
282131
283829
285517
287204
288894
290584
292309
294068
295816
297724
299779
301500
303220
304954
306690
308376
310122
311839
313522
315235
316925
318616
320365
322134
323862
325596
327382
329114
330843
332558
334263
335963
337654
339355
341059
342759
344471
346226
347977
350143
351897
353631
355352
357121
358841
360597
362278
363962
365633
367325
369001
370680
372401
374124
375833
377599
379336
381057
382755
384439
20508
39856
64164
65491
66806
68129
69657
70985
72343
73709
75029
76350
77678
79038
80414
81777
83095
84418
85745
87071
88431
89796
91121
92443
93770
95097
96452
97822
99537
100848
102175
103498
104835
106212
107536
108857
110267
111631
112994
114359
115723
117041
118365
119722
121043
122434
123797
125115
126441
127766
129112
130861
132604
134342
136087
137835
139550
141254
142961
144659
146369
148078
149815
151526
153232
154989
156735
158479
160216
161961
163705
165402
167110
168814
170537
172247
173955
175653
177365
179127
180863
182612
184357
186097
187846
189608
191308
193018
194722
196420
198127
199845
201543
203252
205008
206746
208490
210257
211993
213740
215445
217143
218851
220585
222282
223987
225695
227391
229241
230987
232722
234492
236242
237982
239790
241531
243228
244937
246644
248374
250285
251990
253686
255424
257175
258914
260682
262427
264164
265914
267662
269369
271113
272826
274521
276238
277945
279665
281382
283136
284882
286636
288381
290158
291903
293649
295359
297074
298873
300592
302305
304006
305702
307418
309187
310929
312686
314446
316187
317948
319703
321425
323152
324934
326641
328354
330119
331828
333548
335280
337039
338796
340582
342336
344093
345852
347548
349599
351336
353030
354765
356489
358196
359914
361630
363330
365070
366813
368568
370321
372077
373813
375535
377244
378941
380692
382401
384096
385812
387520
20589
39994
65265
66585
67910
69244
70605
71975
73308
74674
76002
77356
78709
80079
81412
82732
84093
85422
86775
88143
89475
90797
92125
93457
94963
96330
97655
99247
100573
101893
103212
104574
105940
107265
108592
109923
111243
112608
113987
115328
116653
117981
119301
120683
122053
123374
124747
126075
127403
128771
130141
131838
133548
135288
136990
138698
140417
142117
143825
145560
147294
149159
150912
152649
154395
156159
157859
159586
161322
163022
164775
166488
168188
169898
171612
173348
175114
176866
178703
180466
182223
183961
185696
187409
189114
190827
192542
194263
196007
197719
199829
201539
203291
205035
206782
208530
210260
212022
213737
215464
217171
218886
220582
222287
224090
225790
227499
229246
230977
232724
234493
236243
237993
239705
241405
243116
244980
246719
248461
250164
251863
253571
255320
257081
258839
260593
262359
264106
265838
267536
269250
270973
272683
274422
276139
277841
279552
281292
283030
284786
286593
288341
290107
291815
293518
295267
297094
298897
300605
302318
304016
305722
307470
309209
310955
312707
314469
316247
318000
319719
321442
323162
324908
326645
328366
330072
331805
333529
335268
337037
338813
340564
342315
344086
345837
347598
349624
351345
353058
354774
356496
358214
359938
361645
363410
365150
366894
368662
370415
372155
373886
375639
377339
379051
380766
382465
384174
385892
387597
389343
20579
39944
64334
65655
66966
68281
69641
70994
72314
73636
75626
77337
78817
80164
81514
82866
84190
85504
86819
88133
89483
90856
92168
93485
94802
96149
97500
99029
100351
101689
103003
104323
105711
107066
108424
109739
111053
112375
113722
115073
116393
117704
119020
120336
121684
123036
124361
125707
127017
128331
129680
131409
133152
134874
136564
138258
139952
141640
143367
145047
146765
148508
150182
151908
153647
155390
157113
158892
160576
162267
163960
165646
167377
169076
170762
172451
174185
175935
177658
179400
181125
182853
184556
186245
187977
189678
191364
193225
194926
196637
198347
200069
201793
203522
205275
207000
208724
210427
212113
213805
215504
217210
218898
220589
222279
223994
225774
227517
229317
231890
234088
236177
237935
239657
241385
243119
244843
246534
248236
249980
251680
253367
255055
256803
258499
260230
261972
263695
265456
267193
268912
270640
272353
274049
275740
277498
279182
280871
282577
284274
286023
287771
289501
291235
292966
294708
296413
298117
300250
301934
303634
305309
307039
308745
310459
312183
313929
315674
317404
319164
320901
322623
324341
326051
327770
329475
331183
332885
334596
336305
338057
339805
341530
343278
345060
346793
348541
350265
351958
353653
355378
357119
358819
360528
362223
363950
365690
367412
369136
370877
372557
374262
375964
377686
379413
381113
382801
384489
386198
387924
20435
39717
63292
64597
65905
67279
68623
69936
71251
72560
73872
75225
76573
77885
79199
80508
81821
83172
84516
85832
87148
88455
89768
91119
92449
93762
95074
96388
97691
99251
100601
101901
103217
104524
105835
107825
109573
111138
112498
113808
115119
116438
117750
119094
120464
121775
123083
124402
125727
127074
128394
130120
131802
133497
135179
136857
138551
140235
141952
143687
145410
147119
148924
150670
152349
154045
155727
157413
159138
160822
162501
164196
165913
167629
169369
171114
172833
174569
176255
177934
179655
181341
183020
184717
186404
188082
189817
191554
193391
195124
196843
198616
200324
202011
203695
205394
207082
208790
210489
212165
213880
215605
217324
219043
220824
222544
224224
225919
227603
229281
230975
232660
234337
236034
237749
239469
241234
242964
244682
246372
248056
250289
251983
253670
255357
257059
258747
260425
262119
263842
265564
267309
269065
271075
272814
274539
276222
277929
279633
281324
283028
284719
286400
288103
289817
291558
293340
295065
296770
298540
300226
301902
303598
305286
306970
308671
310367
312115
313853
315595
317329
319071
320847
322591
324296
325984
327714
329423
331119
332823
334535
336252
337974
339729
341490
343243
344988
346732
348485
350182
351887
353575
355280
356972
358662
360358
362060
363765
365501
367223
368941
370680
372363
374044
375731
377527
379210
380908
382618
384298
20842
40424
65726
67916
69801
71446
72891
74191
75505
76852
78191
79544
80862
82171
83486
84817
86188
87542
88849
90156
91469
92784
94116
95467
96773
98082
99962
101278
102586
103936
105279
106585
107912
109228
110534
111884
113200
114505
115821
117168
118476
119827
121144
122453
123767
125082
126449
127801
129119
130427
131742
133434
135137
136854
138583
140298
142032
143769
145488
147180
148962
150661
152352
154043
155721
157430
159120
160798
162517
164252
165960
167688
169421
171100
172791
174486
176166
177902
179597
181277
182969
184779
186496
188226
189958
191671
193392
195082
196761
198528
200222
201893
203582
205274
206952
208679
210409
212123
213849
215581
217286
219009
220702
222382
224074
225768
227471
229165
230860
232565
234296
236031
237756
239501
241195
242862
244583
246268
247974
250134
251827
253514
255204
256903
258627
260366
262100
263828
265557
267277
269007
270697
272400
274088
275772
277539
279215
280910
282623
284362
286081
287822
289559
291281
292953
294685
296378
298091
300249
301934
303647
305317
307006
308726
310456
312196
313943
315662
317395
319141
320844
322534
324236
325930
327630
329306
331017
332733
334470
336205
337959
339700
341436
343125
344830
346514
348225
349939
351617
353341
355035
356770
358486
360247
361983
363698
365429
367121
368827
370517
372207
373876
375566
377258
378937
380677
382408
384121
385868
387673
20349
39563
63324
64629
65942
67262
68575
69931
71296
72605
73919
75238
76548
77905
79301
80613
81928
83247
84556
85919
87268
88576
89889
91209
92516
93873
95193
96508
97822
99457
100764
102115
103473
104780
106096
107412
108720
110075
111432
112736
114052
115371
116681
118025
119383
120690
122008
123342
124648
126002
127360
129041
130732
132423
134101
135789
137489
139174
140867
142597
144314
146041
147767
149822
151553
153274
154954
156644
158337
160014
161703
163395
165074
166802
168538
170252
171984
173714
175430
177121
178815
180492
182182
183877
185561
187247
188940
190651
192380
194134
195851
197580
199558
201264
202956
204648
206328
208018
209707
211386
213089
214815
216549
218268
220005
221717
223448
225141
226820
228510
230202
231882
233580
235272
237771
239962
242715
245080
247164
249384
251073
252765
254467
256182
257885
259591
261313
263005
264738
266450
268190
269955
271692
273454
275157
276853
278552
280253
281951
283657
285366
287058
288791
290776
292502
294242
295996
297715
299841
301584
303310
305002
306748
308444
310137
311879
313580
315286
316991
318729
320493
322277
324023
325794
327548
329257
330970
332685
334389
336107
337834
339527
341245
342969
344704
346448
348189
350021
351770
353496
355209
356952
358649
360349
362099
363789
365479
367178
368864
370610
372349
374074
375806
377546
379256
380945
382647
384334
386033
387737
20529
39815
64006
65322
66629
67984
69344
70683
72000
73316
74624
75978
77333
78644
79977
81294
82603
83955
85313
86615
87931
89248
90557
91924
93280
94591
95907
97228
98576
99930
101500
102845
104159
105472
106779
108150
109504
110810
112125
113441
114738
116088
117445
118743
120090
121404
122712
124064
125420
126729
128043
129738
131417
133105
134800
136535
138269
139996
141763
143493
145232
146910
148659
150353
152030
153720
155412
157089
158779
160504
162240
163984
165715
167433
169124
170859
172538
174229
175961
177642
179332
181027
183480
185625
187491
189172
190871
192614
194781
196760
198579
200314
202049
203803
205528
207258
211066
213762
216214
218294
220136
221818
223510
225190
226883
228625
230351
232125
233865
235589
237348
239087
240796
242492
244192
245885
247579
249537
251229
252938
254715
256432
258165
259913
261662
263403
265111
266800
268494
270196
271891
273591
275303
277001
278727
280474
282248
284000
285750
287483
289348
291076
292774
294472
296175
297869
300002
301710
303397
305122
306824
308540
310274
312207
313933
315667
317414
319116
320822
322548
324251
325953
327674
329383
331089
332958
334709
336453
338201
339973
341758
343512
345239
346955
348741
350441
352145
353873
355594
357296
359021
360721
362491
364237
365975
367712
369450
371181
372874
374576
376265
377957
379659
381351
383070
384771
386501
388230
390030
391771
20281
39561
63413
64719
66031
67386
68715
70033
71349
72658
73975
75336
76667
77982
79305
80610
81925
83278
84852
86169
87509
88815
90132
91444
92800
94128
96027
97390
99046
100369
101681
103032
104397
105711
107025
108377
109688
111038
112400
113712
115027
116350
117667
119017
120370
121685
122999
124322
125662
127012
128364
130053
131746
133449
135137
136825
138532
140218
141908
143659
145409
147134
148959
150683
152414
154116
155800
157488
159210
160896
162584
164285
165989
167713
169443
171189
172916
174686
176415
178103
179804
181491
183182
184887
186587
188276
189977
191695
193593
195352
197076
198880
200629
202349
204041
205741
207428
209118
210820
212508
214197
215934
217659
219384
221129
222848
224662
226406
228094
229785
231486
233173
234868
236589
238278
239967
241704
243458
245186
246931
248703
250437
252141
253835
255532
257240
258931
260618
262321
264010
265948
267698
269434
271172
272920
274645
276378
278100
279797
281496
283207
284904
286836
288542
290230
291925
293696
295423
297149
298984
300714
302432
304132
305824
307535
309241
310939
312635
314341
316072
317776
319523
321266
323018
324764
326490
328385
330096
331794
333510
335235
336965
338661
340384
342071
343797
345549
347295
349129
350873
352621
354359
356070
357780
359479
361180
362865
364552
366278
367967
369714
371453
373180
374912
376655
378431
380121
381824
383521
385213
20488
39739
63879
65231
66793
68111
69427
70740
72054
73376
74731
76077
77390
78715
80032
81373
82728
84033
85367
86680
87990
89320
90673
91985
93298
94611
95920
97276
98709
100020
101338
102649
103960
105295
106674
107986
109304
110616
111927
113266
114627
116116
117440
118744
120055
121376
122730
124042
125363
126676
127984
129698
131427
133149
134897
136663
138392
140091
141779
143463
145164
146843
148572
150302
151980
153703
155431
157193
158916
160636
162356
164041
165738
167426
169111
170809
172495
174182
175881
177631
179352
181089
182817
184650
186407
188095
189776
191475
193162
194848
196548
198260
199947
201660
203387
205113
207028
208759
210486
212198
213886
215572
217271
218959
220641
222338
224025
225752
227748
229477
231195
232914
234679
236417
238116
239801
241477
243176
244862
246542
248274
249950
251671
253393
255123
256865
258603
260326
262010
263709
265404
267098
268819
270513
272198
273899
275645
277407
279148
280883
282614
284398
286091
287781
289482
291176
292864
294572
296257
297965
300170
301858
303596
305309
307037
308764
310534
312272
313961
315682
317383
319088
320809
322522
324217
325918
327708
329442
331186
332942
334972
336702
338436
340142
341857
343560
345255
346971
348767
350458
352182
353885
355639
357368
359105
360828
362559
364279
365964
367663
369371
371054
372746
374435
376122
377861
379587
381307
383047
384772
20594
39939
63818
65171
66514
67827
69153
70467
71797
73152
74502
75815
77124
78480
79788
81142
82487
83800
85106
86420
87727
89107
90481
91797
93103
94417
95726
97089
98482
99784
101103
102405
103717
105059
106438
107753
109089
110405
111718
113064
114414
115722
117036
118378
119693
121035
122389
123707
125040
126369
127682
129400
131147
132872
134598
136331
138028
139728
141429
143119
144808
146512
148202
149946
151668
153400
155136
156892
158618
160374
162067
163756
165458
167147
168869
170572
172263
173950
175680
177426
179155
180886
182619
184346
186052
187745
189469
191193
192887
194616
196351
198028
200176
201859
203579
205298
207060
208790
210529
212256
213943
215651
217339
219049
220749
222439
224129
225829
227556
229274
231008
232737
234473
236200
237890
239603
241330
243022
244702
246404
248096
250226
251926
253656
255395
257157
258891
260643
262379
264072
265766
267476
269209
270904
272609
274303
275992
277729
279466
281242
282984
284725
286457
288163
289876
291604
293314
295010
296696
298433
300114
301798
303531
305266
306989
308729
310506
312234
313945
315657
317359
319201
320911
322622
324337
326039
327786
329535
331292
333043
334797
336541
338270
340312
342052
343741
345449
347166
348948
350654
352367
354067
355777
357513
359252
361105
362834
364564
366296
367988
369701
371400
373095
374782
376510
378201
379889
381637
383375
385151
20455
39721
63991
65342
66697
68011
69326
70646
71957
73317
74700
76012
77330
78675
79989
81345
82709
84012
85344
86651
87967
89328
90675
91983
93305
95029
96346
97667
99246
100621
101943
103254
104599
105919
107263
108617
109941
111254
112599
113923
115267
116616
117940
119253
120566
121888
123236
124588
125924
127238
128552
130278
131997
133714
135455
137185
138920
140662
142340
144031
145773
147460
149345
151046
152727
154430
156131
157851
159577
161314
163036
164767
166524
168210
169901
171604
173290
174982
176683
178367
180080
181817
183538
185266
187032
188757
190472
192172
193851
195572
197267
199050
200741
202439
204115
205839
209323
212072
214620
216725
218576
220266
221956
223649
225327
227017
228711
230418
232100
233851
235570
237376
239137
240869
242600
244295
246010
247694
249695
251375
253064
254758
256436
258131
259868
261589
263323
265077
266825
268553
270249
271939
273638
275337
277019
278716
280429
282109
283843
285587
287337
289074
290818
292525
294215
295939
297620
299606
301299
302979
304671
306361
308040
309768
311498
313215
314998
316778
318497
320201
321907
323593
325302
327022
328713
330405
332120
333841
335583
337364
339103
340831
342564
344267
345989
347689
349752
351510
353200
354897
356615
358304
360003
361747
363460
365190
366941
368656
370337
372028
373718
375410
377102
378816
380498
382193
383918
385649
387416
389149
20905
40172
63561
64874
66200
67513
68832
70182
71531
72849
74154
75522
76841
78186
79541
80858
82167
83478
84797
86136
87482
88801
90108
91420
92728
94076
95435
96763
98070
99776
101093
102400
103748
105064
106412
107723
109040
110347
111692
113010
114313
115647
117003
118354
119706
121023
122328
123636
124951
126294
127665
129396
131075
132756
134450
136236
137924
139616
141293
142978
144707
146422
148151
149833
151570
153291
155006
156715
158396
160089
161763
163444
165137
166840
168562
170289
172006
173727
175460
177195
178881
180574
182256
183939
185645
187321
189035
190728
192441
194165
195897
197647
199587
201349
203026
204708
206439
208117
209799
211494
213170
214849
216578
218295
220033
221762
223475
225180
226906
228584
230266
231959
233644
235351
237044
238724
240466
242194
243912
245636
247396
249248
250946
252644
254329
256040
257739
259414
261096
262788
264510
266240
267995
269731
271456
273181
274863
276601
278305
279991
281682
283383
285085
286773
288501
290221
291975
293713
295428
297184
298971
300645
302326
304023
305717
307405
309107
310795
312520
314267
315998
317767
319560
321298
322987
324682
326418
328115
329819
331520
333230
334934
336660
338407
340154
341879
343608
345362
347373
349214
350933
352616
354307
356016
357702
359385
361078
362753
364476
366203
368013
369759
371490
373183
374867
376609
378288
379972
381671
383349
20268
39529
63369
64709
66020
67340
68651
69959
71350
72696
74011
75342
76650
77963
79316
80660
82001
83319
84629
85946
87288
88641
89958
91265
92594
93909
95250
96610
97927
99588
100902
102242
103550
104901
106257
107564
108876
110214
111554
112905
114260
115567
116884
118201
119508
120861
122197
123510
124825
126141
127473
129198
130944
132658
134391
136084
137769
139456
141148
142858
144552
146245
147922
150087
151819
153513
155245
156974
158687
160417
162111
163789
165477
167169
168848
170535
172254
173937
175685
177439
179150
180875
182608
184309
186004
187698
189378
191068
192792
194471
196159
197852
199921
201668
203397
205096
206826
208558
210299
212009
213724
215402
217090
218781
220457
222159
223854
225548
227275
229003
230722
232447
234173
235853
237546
239241
240918
242649
244341
246032
247719
249788
251508
253238
254978
256678
258412
260104
261820
263658
265353
267042
268741
270442
272122
273817
275569
277267
278999
280735
282455
284226
285922
287606
289297
290993
292707
294403
296119
297798
299929
301655
303365
305098
306828
308531
310265
311987
313699
315408
317112
318799
320507
322239
323928
325656
327409
329118
330857
332633
334390
336089
337785
339487
341189
342924
344613
346500
348200
349950
351702
353423
355164
356907
358613
360344
362033
363737
365424
367115
368790
370473
372157
373836
375562
377313
379015
380766
382502
384232
20813
40119
64083
65401
66723
68044
69365
70735
72055
73374
74698
76032
77354
78720
80039
81357
82682
83999
85319
86673
87990
89309
90635
91952
93447
94810
96143
97468
98946
100261
101578
102974
104330
105648
106971
108290
109609
110971
112349
113669
114991
116337
117660
119022
120375
121695
123021
124337
125656
127018
128372
130070
131777
133470
135168
136874
138573
140271
141976
143724
145460
147204
149020
150756
152530
154258
155954
157659
159376
161072
162779
164472
166170
167877
169607
171340
173109
174832
176571
178319
180014
181710
183415
185110
186815
188519
190211
191909
193684
195410
197170
199004
200735
202498
204231
205925
207642
209473
211158
212856
214574
216269
217967
219711
221440
223195
224935
226664
228404
230135
231829
233531
235241
236935
238633
240343
242038
243792
245526
247253
249086
250829
252574
254316
256027
257726
259437
261141
262834
264553
266263
267966
269712
271462
273192
274932
276678
278443
280185
281903
283603
285306
287017
288717
290415
292124
293868
295609
297346
299209
300949
302689
304424
306151
307858
309556
311263
312979
314712
316430
318147
319850
321606
323374
325108
326850
328647
330388
332089
333820
335566
337276
338978
340693
342404
344157
345861
347618
349671
351404
353162
354915
356657
358412
360153
361848
363546
365276
366968
368664
370366
372054
373754
375496
377230
379019
380762
382490
384252
385972
20997
40384
64186
65521
66819
68180
69510
70823
72139
73447
74757
76113
77438
78747
80063
81888
83214
84620
85996
87336
88653
89955
91256
92572
93911
95262
97321
99092
100470
101835
103147
104454
105825
107181
108537
110351
111961
113399
114699
116070
117432
118749
120064
121409
122722
124074
125422
126738
128051
129369
130680
132429
134150
135921
137646
139388
141080
142771
144458
146153
147839
149905
151583
153266
154946
156693
158422
160145
161874
163597
165331
167031
168723
170406
172100
173789
175481
177197
178890
180630
182372
184093
185840
187565
189293
190981
192662
194354
196041
197760
199767
201445
203125
204818
206579
208296
210027
211744
213465
215192
216909
218588
220280
221965
223647
225334
227048
228729
230458
232198
233918
235648
237378
239057
240750
242429
244110
245800
247513
249396
251103
252788
254496
256254
257978
259704
261440
263152
264836
266554
268249
269939
271631
273327
275008
276702
278431
280148
281888
283620
285350
287050
288741
290425
292111
293792
295487
297226
298991
300704
302431
304139
305859
307586
309311
310996
312695
314385
316070
317905
319604
321293
323001
324705
326445
328176
329922
331651
333386
335131
336840
338554
340247
341943
343648
345347
347079
348871
350622
352349
354099
355832
357564
359301
360995
362672
364360
366043
367742
369432
371117
372798
374525
376246
377971
379701
381428
383136
384863
386548
20498
39839
63768
65081
66423
67735
69094
70461
71777
73094
74417
75729
77096
78457
79773
81091
82413
83749
85104
86472
87790
89114
90428
91745
93109
94455
96062
97393
98808
100126
101484
102827
104141
105483
106797
108112
109468
110817
112133
113446
114759
116075
117451
118788
120105
121429
122741
124055
125416
126791
128106
129810
131501
133192
134919
136609
138304
140005
141730
143456
145189
146948
148738
150514
152202
153893
155603
157292
158981
160683
162374
164066
165804
167551
169281
171025
172755
174494
176197
177883
179577
181280
182969
184695
186402
188100
189825
191566
193293
195023
196788
198541
200230
201934
203623
205315
207017
208704
210385
212087
213811
215550
217322
219061
220791
222528
224215
225905
227609
229296
230988
232692
234406
236100
237852
239575
241306
243046
244763
246515
248215
249952
251655
253348
255047
256755
258460
260150
261887
263613
265348
267150
268911
270650
272356
274052
275748
277450
279147
280849
282561
284267
285964
287725
289449
291179
292936
294657
296351
298044
300180
301867
303578
305274
306955
308677
310369
312071
313812
315561
317333
319115
320860
322611
324315
326004
327709
329423
331115
332831
334559
336255
338168
339927
341662
343405
345160
346929
348724
350456
352170
353914
355626
357325
359081
360787
362476
364163
365899
367658
369576
371315
373041
374770
376515
378204
379896
381600
383295
384987
20436
40074
64132
65434
66776
68093
69470
70784
72101
73410
74745
76279
77627
78988
80307
81632
82941
84278
85635
87000
88315
89632
90954
92270
93624
94997
96301
97634
99261
100577
101926
103278
104592
105909
107366
108680
110035
111380
112695
114015
115339
116704
118025
119382
120696
122010
123328
124639
126008
127371
128685
130379
132211
133900
135594
137334
139025
140718
142414
144130
145862
147611
149571
151303
153037
154728
156421
158142
159829
161520
163217
164902
166618
168344
170064
171823
173555
175278
177004
178704
180393
182086
183784
185471
187209
188906
190592
192324
194051
195775
197504
199433
201203
202922
204618
206297
208007
209704
211391
213074
214761
216534
218267
220000
221721
223441
225181
226903
228611
230308
231993
233683
235378
237342
239034
240750
242425
244146
245884
247611
249607
251365
253087
254785
256490
258366
260057
261752
263441
265131
266855
268554
270295
272039
273763
275495
277226
278948
280650
282358
284074
285777
287519
289211
290906
292607
294327
296063
297790
299791
301562
303294
305011
306701
308426
310119
311820
313527
315216
316946
318658
320388
322141
323903
325630
327354
329125
330849
332553
334276
336021
337759
339459
341168
342878
344578
346324
348076
350321
352205
353948
355703
357432
359193
360936
362626
364320
366018
367736
369428
371112
372795
374492
376225
377946
379672
381407
383141
384867
386579
20705
40469
64484
65841
67187
68514
69857
71323
72647
74007
75366
76690
78012
79335
80683
82044
83401
84727
86050
87360
88688
90045
91400
92723
94045
95366
96687
98044
99752
101106
102445
103763
105083
106404
107761
109111
110431
111897
113222
114543
115902
117263
118584
120034
121378
122697
124050
125415
126736
128057
129380
131095
132791
134528
136274
138005
139768
141504
143233
144933
146634
148348
150039
151774
153469
155170
156863
158597
160337
162071
163804
165544
167284
168979
170715
172436
174132
175834
177533
179228
180929
182626
184354
186093
187834
189563
191298
193007
194702
196404
198104
199782
201515
203212
204930
206633
208418
210158
211897
213633
215370
217098
218796
220518
222255
223952
225647
227346
229041
230739
232472
234209
235949
237688
239440
241173
242899
244599
246297
247998
250086
251813
253513
255374
257081
258789
260529
262258
264011
265747
267486
269236
270977
272708
274411
276113
277812
279517
281223
282929
284639
286381
288120
289864
291603
293376
295115
296816
298557
300257
301998
303688
305431
307134
308828
310569
312312
314054
315798
317571
319339
321079
322819
324542
326256
327957
329674
331388
333098
334820
336579
338318
340072
341830
343648
345416
347152
348959
350652
352401
354121
355847
357557
359261
360965
362669
364404
366155
367892
369633
371377
373144
374844
376541
378244
379939
381625
383326
385029
386720
20422
39739
63685
65033
66347
67667
68978
70295
71672
73044
74360
75678
76980
78296
79652
80993
82313
83631
84964
86281
87634
88978
90329
91650
92994
94341
95694
97044
98387
99705
101014
102328
103683
105025
106341
107689
108996
110311
111665
113008
114324
115652
116961
118279
119639
120983
122302
123617
124977
126293
127646
129362
131094
132828
134535
136226
137929
139611
141305
143000
144727
146417
148111
149829
151558
153291
155025
156773
158492
160163
161854
163547
165262
166952
168646
170327
172053
173796
175517
177246
179004
180719
182412
184105
185801
187493
189184
190862
192626
194345
196062
197789
199864
201580
203309
205043
206761
208483
210178
211858
213546
215417
217098
218790
220483
222163
223901
225635
227354
229084
230817
232521
234219
236030
237713
239407
241101
242806
244516
246210
247931
250108
251838
253556
255295
257037
258791
260483
262176
263856
265580
267284
268974
270676
272369
274094
275825
277561
279326
281066
282804
284487
286197
287895
289578
291279
293011
294715
296404
298102
299830
301555
303286
305008
306733
308448
310143
311844
313541
315261
316963
318657
320357
322125
323868
325614
327396
329146
330879
332635
334354
336074
337771
339487
341180
342956
344661
346368
348090
350337
352082
353826
355558
357283
359045
360781
362463
364152
365867
367550
369243
370935
372616
374309
376059
377784
379518
381250
382978
384708
20528
39782
62978
64293
65625
66935
68254
69597
70951
72288
73596
74942
76257
77601
78951
80267
81573
82886
84302
85645
86996
88314
89620
90930
92247
93591
94942
96250
97559
99014
100330
101670
103037
104374
105723
107034
108351
109696
111046
112362
113668
114979
116300
117642
118993
120310
121641
122950
124267
125610
126961
128654
130332
132012
133704
135422
137110
138832
140510
142234
143958
145677
147392
149238
150953
152635
154330
156033
157714
159406
161085
162767
164461
166188
167911
169624
171340
173108
174833
176529
178211
179903
181581
183265
184985
186660
188371
190083
191798
193519
195238
196991
198773
200467
202141
203822
205527
207233
208914
210607
212283
214029
215756
217475
219194
220908
222586
224267
225996
227667
229348
231041
232725
234406
236152
237887
239606
241329
243044
244754
246492
248166
249904
251586
253274
254974
256688
258368
260078
261793
263517
265253
267003
268694
270407
272108
273795
275489
277177
278868
280571
282253
283980
285736
287466
289189
290934
292616
294296
296023
297700
299627
301319
303000
304680
306392
308115
309845
311562
313301
315028
316773
318468
320175
321875
323556
325346
327053
328741
330447
332180
333906
335634
337410
339141
340902
342605
344345
346062
347765
349780
351474
353177
354863
356559
358286
360093
361817
363527
365244
367003
368692
370368
372053
373744
375438
377121
378813
380495
382214
20459
39994
63207
64521
65826
67139
68457
69802
71155
72474
73800
75111
76429
77773
79127
80445
81763
83075
84394
85745
87081
88390
89697
91072
92380
93731
95061
96375
97687
99257
100590
101937
103271
104576
105886
107203
108528
109875
111212
112519
113827
115144
116451
117802
119139
120448
121781
123097
124405
125769
127102
128778
130463
132185
133861
135544
137245
138924
140749
142478
144197
145918
147634
149603
151327
153050
154722
156403
158099
159788
161686
163381
165060
166743
168453
170168
171894
173622
175372
177088
178783
180460
182267
183963
185645
187325
189016
190703
192424
194152
195871
197592
199557
201278
203090
204784
206460
208144
209859
211556
213239
214934
216612
218330
220043
221765
223507
225250
226929
228608
230302
231998
233689
235385
237063
238733
240444
242162
243899
245625
247339
249160
250855
252580
254272
255970
257653
259378
261073
262750
264477
266212
267938
269669
271385
273146
274833
276528
278256
279952
281651
283337
285024
286720
288452
290178
291903
293679
295392
297130
298893
300573
302298
303982
305682
307380
309227
310921
312620
314379
316105
317871
319607
321351
323114
324787
326492
328236
329924
331637
333354
335037
336725
338484
340236
341973
343733
345470
347199
348982
350704
352421
354124
355808
357501
359197
360870
362551
364272
365987
367699
369423
371140
372847
374542
376220
377968
379660
381343
383030
20615
39940
64864
66258
67627
68957
70299
71634
72966
74340
75744
77081
78421
79754
81089
82461
83852
85183
86525
87850
89182
90559
91932
93263
94602
95926
97250
98781
100145
101538
102876
104210
105542
106875
108242
109613
110952
112283
113610
114949
116350
117722
119062
120395
121723
123063
124427
125836
127177
128510
129841
131560
133276
135016
136788
138534
140287
142045
143792
145541
147261
149151
150857
152576
154283
155983
157704
159402
161108
162864
164609
166385
168140
169885
171641
173362
175085
176791
178513
180222
181930
183650
185379
187119
188874
190621
192367
194124
195879
197629
199776
201521
203226
204945
206654
208362
210084
211794
213503
215226
217013
218760
220512
222265
224013
225794
227540
229249
230969
232681
234387
236132
237871
239581
241303
243013
244750
246542
248319
250056
251811
253576
255287
257007
258723
260440
262165
263871
265577
267315
269031
270790
272558
274313
276089
277849
279599
281304
283038
284760
286508
288233
289944
291650
293371
295084
296868
298712
300455
302198
303955
305703
307437
309163
310872
312582
314314
316035
317774
319518
321262
322978
324750
326552
328312
330077
331848
333608
335333
337107
338840
340568
342284
344011
345746
347500
349496
351242
353010
354763
356580
358338
360088
361856
363612
365322
367040
368747
370453
372172
373882
375587
377352
379063
380808
382572
384324
386069
387855
389603
20316
39426
62790
64096
65402
66754
68069
69379
70693
72005
73382
74732
76045
77356
78672
80002
81347
82738
84048
85355
86669
87981
89329
90684
91999
93316
94628
95941
97317
98736
100045
101357
102668
104014
105358
106710
108020
109334
110647
111954
113339
114708
116016
117331
118642
119951
121289
122640
123948
125263
126573
128256
129937
131658
133492
135220
136951
138672
140398
142081
143765
145454
147132
148912
150599
152284
153999
155721
157441
159150
160897
162617
164352
166030
167717
169393
171080
172757
174462
176150
177837
179555
181277
182994
184717
186444
188131
189812
191500
193175
194873
196561
198293
199961
201682
203430
205154
206883
208607
210324
212002
213687
215360
217049
218727
220409
222086
223793
225506
227227
228945
230673
232438
234120
235799
237483
239170
240855
242535
244259
245938
247661
249646
251364
253170
254891
256618
258329
260012
261688
263377
265083
266793
268479
270161
271841
273564
275288
277018
278742
280472
282167
283855
285547
287231
288912
290605
292288
293998
295710
297433
299313
301025
302757
304468
306146
307845
309540
311224
312934
314650
316372
318079
319788
321519
323246
324991
326734
328483
330223
331930
333628
335352
337059
338759
340459
342148
343970
345700
347422
349315
351069
352801
354536
356265
357947
359634
361317
362994
364906
366629
368308
369995
371715
373454
375184
376912
378635
380364
382050
20450
40071
64170
65482
66833
68168
69480
70789
72099
73456
74802
76120
77432
78751
80063
81415
82738
84057
85364
86682
87988
89365
90704
92016
93325
94635
95944
97326
98755
100071
101379
102714
104024
105378
106697
108011
109317
110622
111938
113295
114604
115919
117229
118535
120178
121532
122854
124168
125502
126811
128125
129885
131581
133304
135057
136799
138493
140186
141865
143553
145247
146946
148712
150421
152116
153841
155578
157290
159219
160952
162628
164317
166009
167681
169375
171094
172774
174456
176200
177910
179921
181653
183350
185077
186830
188510
190202
191896
193574
195266
196950
198696
200500
202231
203926
205645
207376
209105
210828
212520
214196
215888
217582
219261
221317
223007
224684
226377
228106
229861
231589
233322
235027
236752
238445
240123
241808
243494
245171
246862
248606
250314
252035
253777
255507
257242
258978
260656
262350
264043
265728
267426
269129
270856
272548
274246
275946
277669
279419
281173
282902
284603
286288
287983
289676
291381
293083
294782
296459
298177
299941
301663
303395
305123
306865
308566
310254
311972
313667
315384
317090
318790
320531
322282
324023
325725
327473
329216
330944
332660
334402
336091
337786
339520
341249
342951
344652
346357
348081
349813
351558
353297
355057
356760
358461
360156
361859
363551
365243
366924
368611
370320
372033
373760
375494
377193
378923
380614
382313
384003
20697
40463
64441
65756
67133
68486
69802
71117
72434
73751
75101
76471
77791
79104
80421
81738
83088
84431
85748
87055
88374
89690
91059
92379
93692
95005
96320
97656
99196
100539
101853
103155
104471
105785
107154
108504
109817
111129
112447
113761
115111
116482
117798
119101
120420
121733
123086
124457
125771
127084
128399
130088
131811
133538
135262
136987
138725
140444
142149
143843
145533
147219
149003
150692
152375
154067
155792
157555
159277
160992
162720
164441
166129
167813
169499
171189
172876
174568
176253
178010
179736
181465
183189
184918
186647
188334
190023
191893
193570
195266
196959
198734
200431
202123
203864
205594
207360
209084
210815
212547
214231
215926
217614
219334
221024
222710
224395
226107
227856
229578
231307
233035
234767
236487
238173
239846
241563
243247
244933
246627
248363
250040
251787
253523
255254
257002
258731
260434
262127
263815
265505
267203
268945
270625
272305
274002
275769
277495
279226
280965
282702
284445
286146
287839
289553
291244
292939
294625
296307
297989
300155
301874
303594
305323
307066
308806
310571
312274
313967
315680
317385
319124
320834
322541
324237
326244
328013
329749
331491
333241
334994
336731
338451
340173
341882
343582
345280
347000
348787
350480
352197
353929
355663
357398
359131
360874
362606
364290
365975
367667
369646
371331
373024
374713
376420
378114
379856
381581
383318
385044
20491
40360
64150
65451
66793
68142
69452
70758
72072
73384
74731
76043
77344
78651
79997
81309
82656
83968
85277
86578
87892
89275
90625
91940
93243
94555
95868
97253
98633
99940
101241
102547
103859
105201
106546
107859
109169
110546
111849
113196
114572
115885
117195
118501
120029
121340
122705
124017
125327
126636
127946
129657
131372
133090
134812
136531
138262
139944
141624
143311
144995
146677
148580
150282
151959
153643
155351
157069
158802
160519
162238
163924
165606
167280
168966
170683
172362
174049
175734
177449
179174
180891
182620
184340
186028
187707
189391
191101
192774
194457
196127
197827
199908
201625
203340
205058
206785
208514
210243
211937
213615
215302
216982
218653
220544
222227
223904
225622
227341
229060
230775
232525
234251
235925
237596
239271
240990
242665
244344
246017
247696
249692
251401
253131
254892
256617
258338
260008
261717
263397
265074
266771
268456
270142
271815
273534
275252
276972
278692
280422
282184
283871
285550
287233
288910
290613
292299
293983
295656
297376
299247
300954
302699
304434
306166
307843
309533
311241
312923
314625
316348
318037
319735
321469
323197
324921
326663
328429
330155
331883
333598
335294
336975
338681
340390
342082
343782
345526
347253
349068
350837
352603
354337
356030
357715
359403
361104
362783
364469
366180
367858
369572
371312
373022
374748
376483
378198
379882
381613
383292
20427
39686
62690
63996
65345
66694
68001
69318
70629
71938
73294
74640
75952
77271
78584
79893
81252
82592
83903
85220
86530
87839
89203
90512
91821
93137
94457
95772
97120
98463
99767
101082
102391
103734
105089
106402
107709
109092
110403
111712
113064
114374
115703
117022
118332
119676
121029
122339
123646
125183
126491
128169
129897
131614
133335
135071
136799
138479
140169
141878
143560
145311
146995
148741
150433
152115
153830
155563
157280
159023
160781
162462
164138
166109
167792
169472
171163
172846
174527
176302
178020
179737
181467
183200
184921
186764
188448
190127
191845
193524
195205
196900
198620
200298
202036
203747
205464
207197
208957
210694
212386
214065
215783
217476
219155
220833
222541
224220
225953
227686
229429
231156
232895
234602
236309
238004
239685
241364
243059
244736
246414
248108
250214
251934
253677
255401
257144
258918
260838
262515
264240
265977
267666
269367
271051
272732
274430
276127
277846
279592
281338
283062
284811
286541
288218
289917
291610
293293
294998
296685
298389
300109
301827
303549
305282
307029
308792
310547
312233
313932
315661
317352
319047
320764
322455
324136
325890
327633
329357
331118
332864
334578
336325
338033
339721
341429
343122
345041
346746
348456
350154
351895
353625
355351
357127
358883
360614
362305
363988
365684
367376
369054
370733
372429
374110
375826
377634
379352
381075
382804
20521
39886
63471
64782
66100
67475
68835
70156
71468
72783
74104
75450
76820
78140
79465
80779
82099
83444
84816
86141
87454
88778
90099
91442
92786
94107
95420
96730
98066
99822
101164
102485
103798
105111
106430
107797
109147
110467
111779
113094
114404
115745
117099
118420
119732
121046
122368
123710
125060
126381
127693
129714
131414
133102
134792
136490
138261
139999
141728
143453
145170
146936
148706
150396
152080
153781
155464
157153
158880
160568
162256
164008
165723
167451
169192
170942
172632
174326
176014
177714
179429
181119
182805
184506
186228
187981
189704
191444
193185
194925
196611
198320
200004
201691
203383
205068
206766
208451
210189
211913
213681
215394
217153
218881
220579
222264
223963
225648
227349
229077
230769
232455
234196
235915
237645
239369
241098
242811
244505
246190
247902
249974
251662
253357
255052
256750
258474
260192
261918
263680
265400
267136
268877
270573
272263
273959
275651
277340
279090
280787
282481
284223
285953
287688
289430
291160
292901
294608
296283
298055
300281
301966
303655
305360
307065
308814
310526
312253
313980
315743
317506
319241
320999
322738
324436
326138
327847
329831
331542
333253
334967
336676
338374
340122
341865
343601
345377
347131
348966
350698
352413
354108
355810
357518
359228
360921
362617
364311
366038
367772
369501
371217
372960
374647
376337
378036
379765
381455
383149
384837
20808
56191
80801
82234
83540
84864
86178
87529
88888
90205
91521
92844
94297
95649
97028
98365
99674
100997
102303
103656
105014
106330
107647
108966
110278
111651
113010
114328
115645
116967
118281
119633
121034
122349
123662
124984
126297
127652
129026
130340
131653
132975
134289
135640
136998
138310
139626
140948
142277
143621
144979
146688
148411
150107
151794
153485
155190
156881
158575
160278
162342
164071
165815
167543
169269
171044
172763
174457
176159
177870
179563
181263
182963
184657
186359
188098
189827
191578
193303
195034
196791
198527
200219
201919
203610
205302
207000
208688
210382
212165
213887
215618
217356
219086
220817
222520
224213
225906
227609
229297
230988
232724
234414
236143
237883
239611
241342
243080
244804
246716
248458
250143
251840
253553
255241
256933
258634
260323
262083
263822
265548
267280
269019
270752
272453
274154
275847
277539
279239
280924
282659
284373
286104
287845
289588
291319
293067
294817
296536
298242
299993
301689
303428
305122
306816
308523
310222
311974
313713
315436
317167
318905
320617
322317
324031
325722
327425
329136
330952
332688
334406
336131
337882
339649
341385
343145
344908
346672
348406
350125
351834
353657
355358
357066
358773
360477
362187
363961
365716
367457
369205
370946
372681
374434
376144
377835
379524
381246
382954
384639
386338
388054
389784
391518
393243
394970
396734
398451
400138
401835
