20422
39759
63562
64918
66237
67603
68929
70250
71627
72987
74308
75629
76947
78257
79619
81007
82324
83644
84995
86312
87676
89040
90350
91678
92998
94317
95682
97056
98401
99728
101053
102436
103800
105171
106489
107817
109144
110465
111850
113214
114534
115865
117198
118519
119887
121279
122598
123925
125244
126564
127880
129630
131377
133106
134852
136553
138267
139967
141650
143354
145052
146736
148471
150204
151978
153714
155447
157170
158916
160617
162310
164012
165712
167398
169093
170784
172504
174291
176065
177787
179529
181295
183025
184758
186492
188173
189878
191569
193267
194963
196659
198374
200105
201880
203604
205335
207079
208832
210536
212230
213908
215612
217312
218992
220696
222424
224143
225874
227622
229355
231106
232851
234550
236284
237986
239679
241384
243104
244796
246501
248250
249967
251732
253477
255214
256969
258694
260380
262084
263803
265489
267201
268918
270723
272447
274192
275924
277658
279427
281180
282933
284643
286360
288063
289756
291440
293268
294976
296659
298397
300132
301866
303596
305344
307075
308809
310519
312211
314058
315781
317478
319189
320938
322661
324365
326101
327854
329598
331348
333096
334862
336586
338275
339993
341714
343440
345143
346868
348618
350315
352075
353808
355562
357308
359039
360767
362465
364177
365878
367576
369254
370994
372711
374404
376137
377876
379611
381353
383097
384854
20452
40010
64758
66099
67945
69300
71574
73470
75152
76598
77955
79320
80641
81962
83287
84608
85972
87342
88661
89986
91314
92637
94017
95374
96694
98018
99714
101038
102398
103767
105082
106403
107727
109046
110402
111777
113096
114416
115730
117049
118409
119783
121103
122427
123753
125071
126394
128684
130608
132323
133840
135565
137299
138997
140712
142404
144104
145794
147495
149397
151090
152784
154523
156252
158075
159818
161528
163249
164949
166641
168341
170071
171762
173455
175158
176849
178732
180475
182194
183927
185671
187402
189097
190813
192533
194220
195922
197614
199558
201258
202951
204684
206425
208182
209919
211653
213367
215061
216765
218460
220429
222132
223827
225521
227222
228927
230664
232403
234121
235878
237623
239347
241108
242833
244528
246223
247917
249950
251649
253349
255041
256771
258538
260274
262017
263767
265487
267181
268886
270607
272308
274020
275724
277424
279146
280834
282575
284337
286061
287820
289572
291323
293222
294932
296627
298348
300075
301772
303467
305170
306865
308597
310337
312075
313817
315566
317283
318992
320730
322445
324154
325890
327611
329354
331066
332762
334526
336283
338031
339796
341599
343380
345084
346805
348551
350279
351987
353706
355408
357112
358827
360591
362382
364120
365867
367612
369326
371047
372748
374438
376126
377918
379622
381318
383016
384738
386471
388218
389938
391690
20419
39784
63233
64565
65896
67229
68581
69963
71296
72630
73963
75293
76628
77994
79326
80659
81994
83323
84657
86010
87337
88672
90007
91335
92670
94033
95361
96697
98032
99793
101122
102476
103826
105156
106485
107815
109147
110499
111849
113200
114534
115861
117192
118542
119892
121232
122567
123892
125228
126580
127929
129660
131388
133087
134796
136508
138216
139922
141731
143435
145145
146891
148726
150478
152225
153967
155718
157503
159205
160909
162618
164322
166030
167738
169427
171132
172889
174651
176406
178190
179929
181681
183420
185122
186839
188545
190245
191985
193698
195394
197105
198957
200698
202437
204184
205920
207700
209435
211134
212839
214549
216240
217950
219658
221358
223055
224799
226541
228332
230077
231816
233559
235279
236978
238687
240399
242146
243852
245690
247384
249386
251098
252835
254609
256381
258162
259913
261654
263366
265071
266778
268487
270210
271920
273628
275337
277041
278812
280574
282333
284087
285839
287601
289302
291010
292746
294462
296181
297882
299947
301662
303350
305056
306812
308570
310331
312089
313829
315584
317317
319034
320745
322477
324191
325908
327621
329368
331088
332845
334611
336387
338246
339995
341757
343552
345268
346987
348799
350510
352222
353956
355667
357391
359555
361273
362985
364725
366472
368241
369993
371738
373483
375194
376899
378611
380380
382083
383791
385506
387206
20422
39637
63074
64420
65775
67104
68631
69944
71266
72594
73957
75287
76603
77945
79263
80608
81989
83327
84646
85973
87291
88610
89979
91299
92621
93939
95258
96590
97959
99680
100999
102312
103642
104956
106314
107703
109134
110449
111776
113107
114459
115820
117144
118498
119825
121148
122497
123856
125169
126495
127820
129505
131234
132964
134684
136411
138152
139899
141650
143352
145044
146872
148625
150315
152001
153695
155378
157075
158806
160539
162273
164005
165735
167450
169161
170854
172552
174243
175928
177622
179318
181083
182821
184549
186298
188036
189792
191512
193213
194904
196603
198327
200010
201691
203396
205078
206812
208553
210297
212056
213799
215544
217246
218937
220628
222312
224005
225720
227408
229097
230843
232569
234325
236081
237820
239569
241266
242963
244666
246351
248052
250172
251866
253567
255264
256968
258704
260469
262186
263922
265683
267388
269112
270824
272512
274218
275922
277615
279322
281080
282794
284537
286290
288019
289799
291542
293237
294943
296638
298347
300038
301739
303442
305134
306893
308601
310361
312092
313837
315590
317306
318998
320722
322429
324140
325825
327552
329252
331046
332789
334551
336294
338040
339829
341585
343293
345006
346727
348465
350174
351926
353631
355328
357036
358746
360495
362218
363954
365689
367415
369095
370779
372484
374168
375856
377556
379242
381251
382993
384697
20601
39813
63998
65375
66766
68103
69442
70770
72095
73474
74840
76174
77533
78866
80191
81571
82944
84274
85603
86940
88337
89680
91054
92399
93739
95068
96401
97762
99438
100811
102145
103475
104807
106145
107541
108909
110287
111616
112950
114289
115650
117029
118359
119688
121019
122352
123680
125055
126398
127761
129080
130791
132497
134207
135967
137736
139495
141257
142989
144739
146481
148200
149896
151613
153315
155022
156731
158464
160173
161949
163690
165442
167228
168970
170722
172438
174144
175852
177601
179320
181027
182748
184454
186163
187962
189707
191455
193246
194999
196748
198564
200268
201982
203693
205400
207106
208846
210539
212277
214034
215770
217533
219296
221038
222778
224558
226265
227972
229692
231392
233102
234818
236531
238277
240037
241780
243531
245287
247031
248869
250621
252329
254032
255756
257460
259205
260926
262661
264370
266092
267848
269613
271390
273142
274894
276657
278358
280067
281777
283500
285216
286929
288667
290384
292091
293828
295608
297358
299271
301019
302781
304498
306203
307912
309637
311347
313097
314812
316522
318277
320035
321801
323591
325350
327110
328871
330644
332363
334091
335821
337556
339292
341006
342736
344458
346182
347931
350127
351878
353647
355410
357163
358937
360721
362437
364227
365931
367640
369389
371092
372800
374518
376223
377971
379777
381518
383268
385033
386787
388531
20322
39408
62811
64235
65631
66952
68282
69628
70956
72326
73706
75036
76367
77704
79034
80362
81753
83083
84406
85734
87058
88381
89761
91135
92466
93804
95130
96458
97840
99526
100881
102215
103532
104862
106223
107583
108915
110250
111577
112898
114268
115638
116959
118296
119632
120964
122339
123701
125032
126373
127693
129392
131101
132806
134549
136305
138052
139962
141729
143474
145206
146913
148675
150381
152087
153790
155510
157215
158918
160665
162592
164333
166079
167822
169560
171335
173048
174752
176466
178182
179881
181592
183306
185011
186717
188494
190264
192034
193780
195518
197267
199083
200787
202493
204226
205934
207635
209351
211057
212799
214552
216297
218042
219816
221569
223317
225032
226726
228425
230129
231827
233534
235251
236953
238702
240477
242235
243974
245730
247476
249439
251191
252900
254609
256341
258055
259756
261476
263207
264915
266670
268423
270192
271973
273724
275474
277237
278936
280644
282361
284075
285780
287500
289208
291082
292810
294594
296345
298105
300360
302102
303849
305579
307358
309073
310772
312483
314242
315939
317659
319382
321082
322848
324628
326378
328129
329907
331651
333413
335190
336920
338644
340357
342099
343845
345576
347284
349128
350863
352608
354368
356130
357898
359646
361403
363132
364831
366544
368248
369953
371660
373386
375089
376804
378543
380279
382034
383775
385530
387288
20292
39334
62679
64004
65329
66671
67990
69299
70626
71958
73289
74641
75961
77286
78604
79957
81318
82650
83976
85294
86611
87926
89471
90816
92138
93458
94816
96135
97467
98951
100309
101635
102943
104255
105575
107542
108878
110195
111514
112834
114158
115477
116842
118169
119499
120822
122136
123464
124816
126142
127467
129150
130871
132565
134258
135950
137675
139433
141153
142872
144588
146336
148034
150162
151850
153553
155241
156939
158632
160339
162049
163772
165503
167224
168962
170671
172388
174087
175780
177475
179172
180872
182608
184314
186010
187717
189550
191262
193012
194730
196661
198416
200120
201792
203484
205174
206865
208561
210279
211961
213670
215400
217114
218832
220561
222278
223978
225672
227362
229057
230808
232496
234201
235896
237607
239364
241090
242792
244509
246263
247944
250075
251789
253484
255190
256905
258603
260326
262020
263726
265442
267185
268910
270637
272351
274044
275745
277450
279143
280891
282597
284293
285999
287731
289471
291203
292932
294650
296358
298058
300188
301890
303584
305272
306969
308667
310457
312155
313861
315572
317310
319033
320763
322498
324215
325902
327615
329324
331313
333040
334768
336459
338165
339900
341616
343351
345091
346845
348612
350338
352056
353762
355483
357181
358874
360609
362287
363981
365705
367415
369157
370880
372593
374307
376013
377702
379392
381137
382836
384532
20391
39501
62969
64297
65624
66988
68351
69670
70995
72325
73643
75002
76373
77696
79015
80345
81665
83025
84385
85714
87045
88364
89682
91058
92456
93777
95106
96422
97738
99400
100763
102074
103396
104707
106021
107377
108743
110069
111391
112708
114033
115392
116754
118070
119393
120706
122032
123392
124757
126084
127405
129094
130793
132490
134182
135876
137626
139355
141088
142828
144550
146274
147983
150076
151764
153471
155161
156857
158549
160239
161946
163664
165377
167122
168828
170544
173041
174742
176469
178177
179934
181625
183333
185059
186756
188455
190149
191864
193601
195327
197052
198850
200557
202272
203970
205668
207359
209066
210748
212439
214167
215863
217581
219300
221040
222762
224487
226171
227863
229585
231280
232979
234723
236417
238106
239813
241567
243278
245008
246724
248475
250180
251863
253566
255296
256995
258691
260386
262066
264029
265758
267489
269222
270961
272666
274389
276110
277806
279513
281222
282914
284896
286609
288299
289992
291713
293459
295192
296912
298694
300457
302148
303838
305684
307381
309080
310780
312495
314214
315929
317660
319381
321116
322875
324603
326316
328039
329743
331454
333161
335159
336877
338572
340289
342010
343730
345449
347207
349052
350778
352514
354217
356013
357727
359428
361120
362814
364528
366227
367926
369648
371359
373094
374810
376530
378253
379940
381642
383348
385082
34075
56027
75311
76644
77980
79366
80734
82069
83413
84752
86086
87463
88845
90182
91523
92859
94216
95601
96980
98637
99979
101321
102654
104017
105397
106768
108113
109459
110792
112161
113575
114941
116274
117617
118943
120286
121666
123056
124399
125737
127072
128415
129801
131179
132523
133864
135200
136546
137920
139296
140641
142365
144076
146052
147858
149567
151301
153023
154753
156477
158236
159986
161763
163762
165509
167268
169029
170766
172491
174212
175924
177647
179368
181077
182808
184633
186351
188113
189888
191634
193424
195205
196984
199157
200927
202636
204360
206069
207770
209502
211213
212965
214729
216449
218196
219964
221725
223505
225268
227028
228776
230503
232222
233939
235666
237388
239100
240825
242548
244334
246095
247982
249746
251511
253299
255060
256823
258546
260262
261983
263729
265487
267212
268939
270652
272390
274191
275930
277698
279479
281241
283017
284788
286510
288242
289968
291683
293412
295171
296890
298992
300719
302431
304228
305987
307740
309501
311266
313016
314816
316534
318231
319947
321676
323385
325141
326875
328595
330335
332114
333918
335682
337467
339247
341019
342782
344534
346270
348088
349834
351571
353299
355057
356819
358553
360306
362088
363887
365693
367470
369259
371024
372795
374525
376242
377961
379677
381575
383297
385044
386750
388464
390226
391973
393752
395514
397266
399618
401371
403125
20476
39830
65711
68554
70800
72741
74457
75904
77227
78556
79878
81242
82609
83933
85283
86609
87924
89288
90651
91978
93296
94751
96089
97422
98885
100249
101575
102905
104244
105577
106935
108292
109610
110926
112246
113593
114950
116312
117632
118958
120282
121605
122965
124316
125662
126989
128312
129645
130994
132362
133691
135649
137346
139052
140754
142444
144156
145855
147608
149596
151332
153065
154805
156541
158275
159982
161683
163375
165114
166814
168509
170214
171915
173647
175392
177130
178865
180655
182393
184089
185852
187554
189250
190955
192660
194353
196061
197757
199804
201546
203284
205017
206781
208521
210253
211955
213657
215375
217078
218777
220472
222179
223883
225609
227355
229097
230857
232603
234343
236081
237789
239486
241192
242898
244599
246295
248001
250034
251731
253473
255229
256984
258736
260498
262242
263955
265712
267405
269110
270809
272500
274208
275921
277663
279411
281253
282990
284742
286531
288274
289989
291699
293403
295103
296796
298525
300235
301942
303667
305415
307178
308899
310644
312383
314078
315810
317523
319228
320934
322657
324364
326077
327802
329556
331318
333068
334839
336632
338392
340145
341879
343591
345294
347015
348806
350545
352241
353960
355698
357460
359223
360985
362735
364489
366299
368006
369709
371412
373112
374819
376516
378215
379919
381662
383403
385151
386914
388660
390410
392145
20322
39554
62854
64182
65505
66823
68195
69569
70896
72262
73586
74906
76269
77614
78970
80290
81617
82940
84301
85670
86995
88317
89675
91010
92362
93719
95045
96377
97703
99258
100575
101938
103266
104587
105912
107246
108568
109953
111279
112599
113924
115252
116571
117932
119294
120616
121939
123266
124587
125955
127282
129258
130959
132658
134356
136055
137767
139550
141254
142959
144689
146434
148183
150000
151742
153469
155166
156868
158562
160259
161962
163655
165354
167058
168771
170529
172279
174031
175768
177511
179238
180937
182641
184340
186044
187751
189452
191160
192908
194637
196376
198110
199851
201587
203290
204983
206687
208409
210103
211805
213507
215202
216935
218678
220424
222161
223921
225657
227380
229102
230801
232498
234208
235901
237604
239311
241019
242759
244504
246239
247967
250132
251840
253585
255297
257000
258747
260449
262147
263848
265555
267261
268973
270741
272464
274312
276063
277797
279573
281285
282988
284700
286405
288106
289805
291527
293227
294935
296675
298434
300198
301937
303651
305413
307118
308837
310549
312263
313962
315674
317390
319089
320873
322641
324376
326119
327889
329651
331392
333133
334851
336565
338275
339995
341728
343461
345159
346929
348738
350501
352268
354013
355739
357488
359322
361009
362710
364409
366103
367802
369494
371213
372937
374678
376442
378185
380116
381850
383597
385301
20711
39925
64572
65946
67278
68616
70627
72387
73921
75299
76640
77959
79292
80616
81974
83353
84676
86033
87363
88702
90080
91452
92779
94103
95453
96777
98126
99519
100841
102162
103487
104811
106203
107581
108900
110219
111547
112870
114187
115564
117025
118346
119677
121002
122320
123720
125080
126429
127751
129074
130394
132147
133887
135616
137393
139122
140838
142547
144247
145956
147668
149579
151273
152981
154676
156435
158223
159954
161708
163456
165193
166909
168617
170313
172008
173717
175415
177107
178815
180543
182276
184027
185762
187534
189290
191042
192736
194463
196177
197870
199911
201607
203299
205005
206727
208497
210254
211986
213720
215466
217207
218904
220614
222313
224005
225713
227413
229102
230804
232527
234258
236011
237777
239511
241286
243010
244695
246419
248117
250253
251961
253656
255344
257059
258771
260507
262260
263985
265714
267492
269236
270931
272653
274358
276048
277761
279462
281155
282873
284580
286315
288109
289849
291748
293502
295227
296944
298707
300391
302092
303805
305499
307189
308930
310625
312358
314108
315844
317583
319355
321099
322801
324523
326290
327997
329709
331431
333137
334859
336580
338391
340156
341921
343677
345438
347217
349020
350745
352447
354141
355872
357578
359301
361020
362726
364455
366203
367950
369682
371420
373170
374861
376602
378297
379990
381695
383392
385086
386802
388577
20392
39463
62993
64364
65671
66997
68320
69637
70988
72352
73668
74987
76316
77628
78990
80359
81667
82979
84306
85622
86985
88351
89670
90992
92320
93637
94992
96363
97683
99244
100569
101873
103195
104567
105881
107200
108528
109836
111151
112515
113823
115137
116462
117768
119121
120493
121802
123114
124432
125739
127089
128846
130574
132302
134043
135729
137434
139127
140814
142500
144203
145883
147581
149581
151298
153035
154768
156483
158211
159904
161603
163287
164993
166670
168366
170057
171739
173442
175161
176871
178646
180362
182057
183743
185445
187129
188816
190509
192197
193886
195590
197286
199099
200820
202528
204245
205968
207656
209345
211046
212723
214410
216105
217790
219497
221243
222946
224659
226375
228115
229802
231502
233190
234886
236590
238266
239955
241649
243347
245061
246785
248533
250240
251936
253630
255332
257038
258714
260413
262117
263799
265513
267249
268961
270673
272395
274107
275804
277506
279197
280897
282600
284283
285985
287690
289398
291142
292891
294621
296334
298049
300172
301857
303557
305254
306947
308651
310346
312043
313771
315484
317215
318964
320697
322447
324163
325872
327582
329286
330998
332714
334427
336113
337834
339545
341278
343024
344786
346512
348284
350031
351888
353596
355300
356988
358686
360412
362098
363783
365519
367260
368988
370723
372448
374202
375902
377580
379275
380995
382683
20312
39458
62450
63778
65103
66437
67781
69127
70446
71767
73090
74415
75764
77104
78441
79770
81234
82563
83912
85246
86577
87901
89228
90590
91938
93291
94618
95967
97294
98679
100039
101383
102700
104028
105344
106670
108007
109351
110670
112002
113350
114682
116052
117391
118711
120042
121477
122807
124128
125477
126793
128503
130194
131908
133609
135303
137004
138723
140643
142360
144088
145795
147528
149487
151197
152919
154627
156315
158018
159716
161615
163350
165052
166745
168442
170160
171874
173593
175327
177046
178749
180456
182250
183944
185660
187347
189053
190786
192483
194204
195940
197683
199634
201361
203076
204773
206482
208170
209866
211602
213302
215000
216700
218412
220125
221849
223557
225309
227037
228730
230428
232149
233843
235547
237256
238952
240674
242401
244109
245840
247803
249866
251596
253327
255048
256752
258470
260162
261885
263606
265308
267040
268755
270451
272178
273902
275621
277347
279086
280784
282517
284225
285922
287629
289338
291220
292939
294651
296363
298107
299842
301597
303313
305049
306739
308441
310161
312095
313809
315538
317250
318952
320671
322414
324148
325873
327613
329353
331125
332970
334692
336415
338111
339838
341581
343296
345004
346736
348527
350276
352022
353756
355494
357226
358953
360659
362388
364082
365787
367483
369188
370872
372582
374289
376019
377741
379476
381192
382946
384637
20782
39945
63649
65048
66365
67692
69047
70365
71691
73054
74360
75686
77012
78335
79619
80986
82334
83655
84978
86304
87626
88985
90342
91671
92990
94317
95655
97013
98370
99719
101035
102355
103684
105048
106367
107684
109017
110330
111657
113017
114339
115657
116967
118286
119603
120967
122292
123612
124932
126254
127638
129373
131092
132867
134596
136280
137990
139699
141387
143086
144774
146462
148157
149936
151674
153428
155161
156906
158638
160389
162092
163778
165469
167200
168904
170599
172295
173986
175734
177472
179202
180978
182718
184432
186135
187839
189543
191239
192943
194636
196326
198021
200181
201904
203637
205355
207112
208854
210610
212308
214010
215694
217573
219321
221001
222687
224383
226073
227806
229551
231283
233051
234787
236543
238284
240111
241801
243498
245197
246896
248654
250353
252032
253771
255537
257263
259001
260955
262702
264427
266141
267866
269593
271298
272994
274689
276398
278079
279812
281579
283329
285073
286823
288566
290291
292000
293700
295406
297107
298874
300565
302264
303978
305709
307499
309220
311004
312781
314504
316215
317977
319665
321402
323134
324833
326533
328257
329989
331774
333558
335305
337046
338802
340550
342251
343958
345660
347381
349239
350925
352645
354355
356058
357798
359555
361324
363052
364791
366516
368252
369954
371641
373328
375033
376711
378400
380106
381846
383591
385328
20403
39824
63294
64626
65950
67326
68680
70006
71348
72684
74006
75372
76729
78058
79381
80715
82072
83438
84819
86150
87478
88812
90141
91544
92897
94225
95550
96882
98209
99603
101220
102582
103944
105270
106596
107930
109296
110683
112017
113341
114666
115998
117363
118729
120065
121428
122748
124082
125450
126836
128169
129871
131565
133280
134983
136682
138430
140130
141907
143644
145408
147156
148980
150718
152417
154131
155836
157526
159237
160937
162658
164368
166108
167846
169598
171358
173113
174844
176579
178282
179995
181697
183396
185110
186819
188547
190260
192019
193761
195496
197239
199066
200850
202586
204285
205997
207699
209397
211110
212836
214534
216246
217983
219719
221475
223241
224984
226719
228424
230121
231834
233547
235256
236968
238700
240401
242402
244108
245844
247569
249559
251319
253079
254824
256570
258290
259988
261689
263459
265160
266863
268587
270301
272056
273918
275667
277411
279142
280894
282640
284365
286075
287782
289534
291239
292979
294704
296417
298110
300375
302119
303852
305616
307365
309106
310844
312596
314301
316018
317746
319456
321177
322921
324706
326434
328139
329936
331674
333435
335203
336975
338755
340586
342324
344059
345762
347487
349405
351113
352873
354601
356305
358055
359806
361563
363298
365041
366775
368488
370187
371883
373631
375334
377035
378749
380449
382273
384008
385757
387507
20705
39894
63759
65083
66400
67786
69115
70434
71763
73091
74409
75775
77248
78570
79894
81220
82543
83941
85309
86628
87961
89282
90603
91969
93337
94649
95976
97298
98685
100057
101421
102738
104059
105384
106689
108079
109441
110759
112082
113410
114721
116087
117560
118881
120210
121537
122858
124211
125576
126898
128226
129924
131616
133331
135033
136720
138494
140235
141962
143703
145441
147156
148936
150626
152345
154040
155729
157426
159170
160860
162598
164339
166074
167835
169581
171307
173014
174713
176406
179591
182237
184517
186519
188302
190049
191789
193535
195278
196981
198738
200443
202375
204073
205776
207481
209201
210908
212647
214389
216122
217877
219619
221361
223065
224771
226475
228180
229897
231604
233303
235003
236749
238528
240272
242019
243756
245486
247217
249008
250699
252429
254132
255823
257531
259264
260965
262705
264442
266186
267936
269685
271429
273173
274887
276582
278290
280010
281706
283419
285122
286920
288701
290446
292187
293927
295672
297410
299300
300998
302734
304443
306141
307832
309652
311358
313056
314774
316526
318281
320049
321805
323547
325308
327035
328740
330500
332227
333931
335650
337397
339150
340867
342618
344377
346130
347880
350002
351777
353562
355295
357023
358734
360468
362184
363895
365590
367293
369022
370712
372456
374195
375923
377663
379406
381097
382800
384503
386195
387932
389670
20422
39757
63566
64930
66284
67617
68947
70265
71628
72998
74352
75678
77006
78324
79650
81043
82401
83731
85058
86376
87707
89094
90478
91804
93130
94448
95773
97143
98564
99980
101693
103206
104555
105879
108346
110489
112726
114631
116294
117751
119116
120509
121829
123204
124520
125846
127203
128563
129901
131222
132529
134231
135925
137646
139409
141258
142995
144734
146471
148157
149854
151549
153237
154938
156634
158318
160021
161923
163667
165406
167139
168868
170635
172370
174070
175779
177475
179163
180865
182561
184252
185955
187685
189433
191200
192937
194669
196410
198106
200282
201984
203675
205363
207063
208758
210445
212164
213863
215589
217337
219071
220824
222567
224329
226017
227717
229411
231094
232798
234493
236183
237881
239644
241415
243194
244920
246649
248458
250151
251837
253534
255229
256918
258625
260326
262051
263757
265485
267215
268979
270751
272491
274261
275953
277646
279352
281053
282758
284473
286176
287876
289626
291508
293250
294992
296728
298490
300220
301912
303607
305301
306989
308692
310402
312123
313815
315563
317310
319050
320831
322579
324343
326067
327787
329484
331190
333029
334732
336466
338187
339895
341659
343397
345158
346918
348719
350459
352211
353916
355608
357324
359055
360757
362506
364213
365908
367644
369382
371131
372871
374626
376351
378054
379748
381435
383162
384856
386536
388245
389942
20366
39519
62863
64223
65604
66939
68269
69597
70933
72260
73626
74956
76284
77610
78942
80269
81634
82967
84293
85618
86949
88280
89653
90983
92313
93642
94971
96309
97674
99252
100577
101898
103226
104555
105923
107289
108616
109987
111308
112634
113998
115374
116700
118024
119353
120681
122047
123417
124758
126087
127415
129115
130813
132551
134289
136024
137770
139514
141301
143062
144757
146454
148157
149854
151553
153260
154962
156661
158397
160141
162076
163820
165556
167292
168999
170722
172422
174127
175829
177553
179261
180963
182677
184420
186164
187908
189652
191618
193398
195137
196840
198581
200284
201983
203683
205386
207085
208774
210527
212359
214103
215850
217586
219326
221080
222778
224478
226181
227909
229610
231319
233027
234735
236475
238221
239954
241732
243475
245218
246924
248678
250372
252075
253779
255484
257212
258920
260615
262373
264119
265862
267616
269371
271124
272829
274536
276238
277976
279687
281397
283126
284834
286572
288340
290077
291861
293618
295364
297093
298881
300583
302275
303978
305684
307383
309095
310807
312586
314327
316097
317866
319616
321396
323149
324862
326564
328526
330241
331956
333675
335406
337118
338820
340577
342350
344109
345864
347637
349573
351323
353097
354809
356526
358233
359938
361648
363365
365067
366769
368504
370240
372246
374002
375739
377484
379239
380939
382646
384352
386050
20403
39622
63421
64789
66150
67483
68809
70121
71483
72850
74213
75546
76873
78193
79522
80918
82277
83606
84933
86257
87587
88957
90336
91667
92996
94317
95646
97020
98402
99726
101080
102411
103740
105104
106553
107883
109209
110532
111876
113203
114562
115894
117243
118598
119926
121268
122631
123960
125285
126609
127940
129642
131401
133142
134905
136641
138395
140137
141832
143535
145232
146929
148695
150395
152119
153826
155565
157297
159046
160790
162527
164270
165975
167667
169606
171305
173020
174726
176432
178125
179833
181601
183344
185105
186853
188590
190336
192074
193768
195474
197181
198953
200657
202456
204150
205854
207607
209340
211090
212831
214562
216308
218040
219763
221468
223286
224981
226688
228393
230081
231822
233562
235327
237073
238816
240552
242301
244031
245725
247433
249300
250982
252707
254413
256112
257825
259571
261298
263050
264796
266552
268309
270089
271789
273518
275227
276925
278634
280348
282081
283798
285546
287279
289035
290783
292520
294276
296011
297693
299700
301406
303132
304860
306571
308266
309975
311743
313487
315234
316999
318747
320535
322310
324084
325800
327504
329221
330938
332935
334656
336374
338085
339786
341550
343307
345059
346814
348632
350375
352117
353950
355653
357373
359072
360776
362509
364212
365905
367611
369339
371122
372856
374602
376337
378080
379781
381471
383220
384931
386616
20472
39962
63884
65210
66529
67899
69269
70588
71951
73271
74589
75946
77316
78638
79959
81289
82609
83986
85355
86671
88002
89348
90663
92024
93391
94713
96043
97368
98816
100181
101559
102886
104214
105542
106861
108249
109610
110940
112259
113585
114902
116291
117648
118977
120307
121646
122966
124289
125653
126978
128297
130004
131703
133398
135092
136781
138558
140294
142036
143772
145516
147241
149045
150741
152445
154143
155834
157534
159262
160970
162663
164420
166146
167908
169653
171399
173161
174859
176567
178271
179994
181697
183386
185095
186803
188547
190293
192021
193768
195505
197254
199033
200752
202451
204261
205968
207705
209432
211146
212832
214578
216323
218059
219812
221552
223320
225030
226731
228426
230154
231859
233551
235298
237003
238709
240449
242191
243928
245676
247418
249299
251023
252731
254428
256141
257942
259666
261370
263074
264771
266520
268280
270036
271791
273572
275310
277019
278725
280546
282266
283979
285681
287393
289119
290814
292559
294314
296058
297804
299945
301687
303427
305166
306868
308588
310333
312040
313759
315458
317176
318899
320650
322404
324206
325970
327706
329479
331264
332973
334706
336438
338142
339877
341609
343308
345028
346743
348528
350283
352040
353795
355552
357298
359036
360787
362495
364183
365888
367591
369283
370985
372685
374580
376320
378067
379798
381574
383318
385018
386724
20396
39575
63013
64342
65711
67067
68397
69738
71070
72399
73768
75127
76451
77780
79109
80433
81800
83161
84487
85802
87131
88456
89817
91179
92504
93829
95158
96488
97854
99528
101242
102561
103889
105213
106532
107898
109263
110609
111934
113257
114579
115947
117311
118651
120017
121343
122665
124030
125399
126723
128052
129787
131487
133187
134920
136652
138397
140140
141895
143656
145402
147127
148911
150641
152340
154041
155739
157437
159152
160849
162581
164339
166079
167817
169582
171339
173038
174743
176445
178140
179864
181568
183261
184991
186703
188438
190180
191919
193652
195398
197136
198894
200642
202340
204036
205740
207443
209170
210879
212617
214350
216096
217836
219723
221483
223222
224919
226624
228324
230021
231730
233428
235132
236836
238581
240318
242076
243816
245555
247301
249133
251138
252844
254550
256254
257968
259684
261377
263078
264775
266513
268271
270062
271947
273690
275425
277160
278861
280580
282290
284003
285720
287423
289136
290836
292565
294314
296066
297790
299858
301630
303378
305100
306808
308502
310230
311942
313645
315353
317074
318784
320571
322347
324116
325869
327614
329370
331164
332879
334598
336342
338055
339754
341483
343196
344902
346646
348430
350173
351950
353710
355455
357206
358912
360646
362352
364049
365746
367448
369147
370863
372626
374367
376107
377847
379589
381352
383080
384785
386496
20454
40128
63683
65018
66338
67665
69030
70409
71734
73055
74424
75746
77106
78470
79794
81117
82440
83766
85126
86497
87825
89147
90468
91792
93154
94518
95843
97176
98533
99854
101211
102580
103906
105258
106612
107934
109292
110645
111970
113294
114659
115989
117346
118710
120112
121434
122755
124095
125419
126785
128111
129806
131500
133196
134932
136660
138362
140057
141751
143487
145227
146958
148749
150485
152222
153920
155638
157330
159031
160726
162424
164204
165901
167627
169366
171132
172866
174601
176354
178045
179747
181442
183134
184913
186621
188314
190016
191710
193444
195187
196924
198708
200451
202170
203864
205836
207536
209230
210930
212628
214337
216040
217738
219466
221246
222980
224716
226466
228192
229884
231585
233275
234978
236678
238378
240072
241790
243543
245299
247041
248836
250571
252311
254011
255755
257467
259166
260854
262553
264249
265945
267728
269473
271216
272959
274706
276474
278202
279908
281609
283319
285044
286739
288442
290141
291837
293587
295328
297059
298883
300618
302369
304069
305811
307507
309212
310918
312621
314325
316039
317746
319486
321243
323002
324769
326530
328279
329993
331702
333423
336711
339632
341596
343643
345452
347197
349018
350781
352551
354292
356062
357769
359478
361183
362886
364597
366292
367983
369719
371455
373183
374919
376678
378413
380114
381808
383503
385204
386905
388600
20466
39669
63930
65293
66661
67985
69320
70641
71988
73352
74719
76039
77376
78698
80026
81389
82759
84081
85467
86793
88130
89447
90813
92144
93492
94817
96148
97476
99017
100395
101714
103074
104400
105726
107105
108476
109796
111128
112489
113817
115177
116557
117874
119205
120555
121882
123238
124616
125941
127271
128597
130298
131996
133744
135478
137261
139017
140756
142505
144256
145952
147658
149690
151384
153128
154838
156541
158239
159955
161682
163428
165173
166911
168650
170405
172096
173833
175541
177247
178952
180669
182364
184073
185817
187602
189347
191103
192855
194628
196373
198080
200385
202095
203838
205537
207259
208953
210659
212364
214065
215799
217550
219282
221024
222770
224539
226267
227981
229677
231383
233159
234858
236566
238322
240014
241758
243515
245275
247014
248846
250590
252325
254083
255784
257499
259216
260924
262617
264332
266025
267770
269526
271277
273025
274812
276548
278300
280008
281717
283436
285159
286870
288622
290346
292048
293787
295571
297317
299185
300939
302678
304876
306622
308369
310067
311787
313508
315223
316933
318662
320377
322100
323845
325701
327459
329208
330971
332740
334508
336271
338003
339733
341434
343170
344877
346601
348337
350052
351797
353549
355366
357117
358882
360642
362393
364115
365816
367514
369229
370931
372636
374338
376071
377806
379562
381293
383036
384811
386558
388285
20422
39744
63505
64820
66184
67548
68861
70188
71511
72833
74193
75553
76871
78200
79521
80836
82195
83560
84878
86199
87523
88841
90217
91579
92898
94224
95543
96863
98222
99644
100966
102287
103603
104929
106288
107645
108975
110295
111611
112939
114300
115655
116983
118302
119620
120946
122308
123671
125001
126323
127638
129342
131037
132761
134503
136243
137984
139726
141467
143156
144861
146558
148246
149994
151680
153383
155077
156804
158548
160286
162011
163749
165498
167187
168914
170609
172298
174042
175736
177422
179124
180857
182603
184343
186083
187814
189559
191257
192940
194679
196373
198062
200268
201962
203644
205344
207041
208772
210513
212250
213973
215744
217479
219382
221080
222774
224508
226211
227896
229581
231284
232981
234714
236454
238199
239929
241673
243408
245132
246835
248576
250255
251954
253689
255386
257091
258828
260553
262303
264138
265887
267637
269421
271118
272820
274562
276253
277956
279666
281362
283076
284824
286556
288317
290055
291786
293538
295268
296956
298728
300425
302108
303887
305580
307268
308974
310719
312457
314209
315981
317719
319495
321214
322930
324914
326611
328323
330038
331745
333463
335191
336898
338636
340400
342151
343899
345675
347436
349267
350972
352692
354424
356137
357841
359541
361234
362925
364646
366447
368186
369914
371684
373419
375148
376850
378562
380249
381954
383659
385349
20426
39641
63466
64791
66120
67454
68781
70160
71533
72859
74176
75528
76853
78172
79542
80866
82199
83527
85112
86432
87802
89163
90485
91816
93142
94485
95848
97206
98561
99920
101242
102557
103952
105353
106671
108000
109326
110646
112010
113402
114719
116069
117554
118903
120230
121597
122916
124243
125693
127013
128340
130088
131828
133590
135336
137063
138772
140470
142164
143870
145865
147557
149494
151195
152885
154602
156364
158099
159844
161583
163315
165053
166828
168539
170245
171946
173639
175343
177046
178735
180472
182212
183982
185724
187501
189232
190935
192632
194324
196069
197772
199790
201494
203191
204895
206595
208334
210067
211833
213572
215305
217059
218810
220500
222203
223902
225620
227325
229027
230715
232460
234222
235973
237716
239484
241218
242924
244624
246365
248073
250308
252005
253708
255439
257138
258849
260554
262278
264016
265757
267497
269287
271036
272735
274443
276244
277938
279644
281354
283055
284765
286511
288249
290004
291740
293479
295233
297116
298878
300585
302289
303972
305699
307408
309098
310804
312552
314293
316042
317806
319595
321345
323104
324820
326556
328262
329978
331693
333407
335123
336851
338566
340305
342120
343883
345626
347388
349301
351038
352750
354469
356203
357919
359626
361329
363033
364731
366459
368201
370026
371756
373499
375240
376989
378694
380392
382086
383793
385525
387216
20527
39842
64309
65639
66986
68318
69652
71032
72400
73730
75071
76425
77747
79125
80512
81882
83222
84563
86158
87501
88890
90221
91560
92889
94222
95562
96948
98321
99648
100985
102312
103648
105025
106394
107722
109058
110387
111728
113097
114479
115819
117182
118512
119852
121229
122590
123929
125267
126642
127975
129349
131090
132871
134623
136385
138106
139821
141533
143244
144966
146711
148529
150238
151935
153709
155460
157227
158977
160742
162503
164211
165933
167670
169379
171096
172811
174521
176271
177992
179737
181500
183280
185023
186789
188547
190256
191980
193699
195408
197157
198997
200704
202428
204144
205889
207705
209483
211222
212977
214729
216479
218224
219943
221644
223368
225087
227083
228807
230527
232225
233964
235705
237480
239236
240997
242743
244493
246214
247963
250211
251930
253639
255361
257110
258826
260557
262274
263980
265735
267496
269250
271023
272790
274546
276271
278042
279779
281504
283225
284938
286682
288411
290128
291896
293654
295408
297184
299027
300993
302756
304518
306226
307971
309696
311404
313123
314852
316593
318320
320062
321823
323584
325370
327144
328944
330708
332481
334210
335939
337710
339452
341205
342925
344664
346396
348118
350475
352209
353924
355693
357478
359242
361006
362773
364533
366260
368002
369712
371467
373186
374884
376683
378393
380108
381854
383625
385370
387133
388904
390658
20323
39484
63061
64421
65738
67067
68389
69718
71086
72476
73805
75126
76445
77773
79134
80499
81826
83152
84466
85786
87148
88516
89847
91168
92483
93837
95158
96531
97858
99516
100836
102160
103520
104877
106246
107571
108887
110214
111526
113161
114531
115855
117170
118499
119821
121223
122599
123924
125241
126570
127894
129598
131342
133110
134843
136584
138349
140077
141775
143476
145166
146872
148615
150303
151997
153742
155468
157205
158944
160673
162437
164175
165867
167572
169272
170957
172664
174381
176070
177771
179508
181237
182993
184733
186468
188231
189929
191618
193324
195033
196725
198466
200160
201845
203600
205343
207102
208860
210590
212333
214088
215782
217485
219178
220868
222651
224367
226057
227759
229489
231219
232962
234706
236434
238202
239899
241591
243298
245120
246813
248569
250265
251957
253691
255437
257176
258945
260661
262427
264201
265905
267610
269329
271034
272749
274477
276181
277875
279588
281350
283088
284830
286567
288316
290058
291755
293457
295202
296895
298635
300338
302032
303738
305486
307219
308960
310713
312479
314211
315976
317687
319382
321109
322865
324578
326285
328007
329711
331461
333222
334979
336755
338501
340254
342004
343717
345451
347182
348970
350666
352392
354117
355814
357553
359296
361032
362770
364528
366285
368030
369726
371416
373293
375008
376708
378408
380106
381796
383538
385272
20480
39796
64041
65373
66745
68126
69462
70785
72128
73462
74788
76160
77495
78829
80159
81516
82840
84209
85542
86867
88199
89535
90931
92322
93693
95019
96348
97687
99248
100632
102002
103326
104653
105986
107302
108669
110046
111373
112732
114066
115391
116756
118132
119461
120787
122144
123471
124789
126180
127506
128832
130562
132279
133984
135711
137412
139163
140918
142665
144408
146189
147954
150161
151914
153639
155347
157060
158763
160460
162213
163914
165620
167334
169062
170833
172591
174391
176138
177897
179622
181325
183057
184749
186457
188180
189885
191591
193305
195045
196811
198615
200350
202098
203858
205550
207348
209066
210769
212514
214227
215927
217635
219344
221077
222823
224581
226322
228058
229815
231543
233273
234985
236697
238402
240120
241813
243521
245228
247042
248862
250644
252383
254135
255897
257629
259344
261064
262807
264512
266225
267930
269647
271373
273112
274858
276631
278369
280119
281899
283658
285372
287094
288798
290508
292216
293920
295625
297369
299229
300978
302735
304480
306220
307985
309724
311436
313196
314913
316618
318345
320059
321773
323507
325234
326985
328736
330503
332336
334150
335918
337710
339430
341136
342864
344598
346307
348057
350315
352019
353728
355458
357199
358958
360717
362470
364256
366006
367746
369451
371162
372874
374577
376291
377992
379699
381409
383138
384901
386666
388403
20303
39489
63018
64336
65672
67001
68365
69732
71058
72376
73705
75028
76384
77749
79073
80388
81713
83069
84568
85927
87255
88573
89901
91225
92581
93998
95322
96634
97963
99693
101008
102365
103736
105053
106380
107702
109018
110380
111747
113087
114416
115740
117057
118418
119778
121099
122419
123744
125062
126420
127784
129473
131177
132869
134578
136277
137984
139672
141375
143108
144856
146596
148362
150100
151845
153589
155288
156993
158689
160377
162080
163775
165505
167209
168946
170690
172441
174218
175947
177682
179379
181068
182771
184503
186199
187903
189615
191322
193070
194827
196557
198307
200032
201756
203459
205153
206839
208544
210241
211931
213632
215348
217075
218830
220570
222295
224065
225800
227488
229188
230885
232572
234312
236020
237712
239405
241136
242861
244651
246391
248110
249823
251522
253214
254923
256629
258325
260025
261720
263409
265161
266905
268662
270411
272147
273878
275620
277320
279017
280726
282433
284133
285947
287654
289343
291080
292831
294593
296334
298073
299814
301516
303224
304918
306621
308322
310023
311734
313431
315182
316941
318718
320473
322238
323994
325726
327450
329163
330864
332593
334314
336033
337746
339470
341172
342917
344682
346440
348191
349926
351676
353422
355129
356822
358534
360233
361920
363624
365371
367115
368879
370614
372346
374088
375846
377531
379259
380958
382653
384355
20476
40374
64954
66287
67613
68946
70322
71725
73057
74405
75731
77061
78431
79797
81130
82463
83838
85169
86551
87920
89251
90584
91911
93270
94642
96013
97343
98752
100081
101402
102744
104328
105696
107025
108349
109678
111013
112371
113731
115066
116382
117713
119046
120400
121800
123135
124489
125821
127154
128517
129906
131681
133386
135127
136846
138589
140303
142016
143749
145447
147163
148982
150726
152480
154220
155967
157727
159451
161158
162870
164610
166315
168031
169731
171436
173179
174920
176661
178414
180150
181898
183655
185371
187078
188838
190541
192251
194005
195710
197429
199301
201000
202747
204500
206264
208006
209766
211493
213203
214943
216648
218354
220068
221771
223608
225321
227024
228765
230522
232262
234014
235784
237562
239317
241034
242733
244482
246198
247901
250038
251744
253458
255164
256919
258666
260424
262184
263911
265678
267403
269110
270824
272552
274303
276011
277725
279432
281139
282897
284643
286405
288206
289978
291733
293473
295208
296929
298717
300419
302131
303845
305545
307249
309008
310747
312518
314292
316081
317830
319601
321326
323038
324808
326536
328253
329969
331695
333413
335139
336899
338708
340514
342263
344032
345824
347564
349578
351320
353034
354755
356499
358209
359927
361645
363359
365068
366818
368557
370304
372057
373818
375597
377316
379014
380722
382431
384203
385913
387627
389332
20388
39591
63089
64417
65730
67054
68387
69748
71113
72437
73754
75074
76393
77786
79146
80517
81844
83168
84489
85896
87294
88619
89940
91260
92585
93933
95300
96631
97996
99738
101059
102377
103746
105113
106434
107753
109075
110396
111763
113127
114447
115778
117101
118605
119971
121360
122682
124001
125326
126647
128056
129799
131555
133314
135045
136739
138477
140169
141860
143556
145249
146936
148951
150654
152386
154136
155867
157593
159342
161069
162765
164466
166170
167851
169582
171280
172976
174679
176405
178182
179923
181726
183464
185203
186939
188637
190331
192031
193727
195427
197125
198912
200609
202350
204080
205821
207592
209336
211087
212822
214525
216244
217951
219662
221368
223062
224763
226457
228232
229968
231732
233468
235227
236948
238664
240360
242069
243762
245455
247155
248952
250732
252479
254215
255960
257709
259454
261177
262883
264611
266339
268055
269784
271486
273190
274896
276595
278371
280123
281880
283641
285393
287132
288844
290541
292240
293955
295665
297350
299251
300978
302660
304397
306160
307906
309645
311402
313154
314864
316612
318341
320061
321787
323506
325222
326920
328679
330437
332193
333957
335727
337474
339225
341003
342712
344432
346141
347853
349969
351675
353392
355105
356814
358519
360271
362046
363791
365545
367341
369084
370780
372476
374171
375876
377576
379318
381025
382723
384464
386208
20406
39751
64154
65483
66861
68241
69576
70914
72255
73586
74961
76358
77689
79028
80366
81696
83034
84413
85777
87126
88463
89793
91134
92512
93886
95227
96564
97901
99641
100983
102361
103701
105035
106367
107705
109041
110409
111780
113110
114442
115781
117118
118492
119866
121203
122539
123878
125218
126612
128005
129342
131044
132770
134485
136200
137924
139651
141361
143125
144883
146671
148461
150212
151957
153683
155535
157243
158964
160683
162415
164138
165860
167585
169362
171116
172872
174644
176600
178366
180129
181887
183601
185327
187051
188771
190495
192205
193915
195648
197491
199452
201205
202961
204708
206526
208275
210048
211797
213552
215262
216986
218698
220408
222131
223850
225556
227351
229098
230852
232613
234378
236149
237920
239629
241342
243062
244786
246484
248205
249971
251692
253410
255156
256991
258758
260516
262317
264279
266042
267802
269518
271240
272977
274706
276417
278146
279883
281598
283334
285104
286981
288743
290507
292270
294025
295800
297523
299493
301212
302925
304651
306365
308102
309837
311557
313309
315091
316896
318652
320437
322211
323965
325713
327474
329191
330945
332688
334410
336147
337918
339656
341399
343166
344939
346741
348549
350299
352087
353855
355569
357311
359044
360763
362485
364217
365924
367670
369395
371143
372907
374701
376441
378194
379956
381862
383584
385308
387017
388754
390476
20342
39567
62615
63944
65263
66611
67962
69317
71863
73302
74970
76459
77777
79103
80455
81813
83168
84491
85817
87141
88467
89850
91178
92490
93817
95143
96497
97865
99497
100819
102143
103463
104776
106164
107526
108846
110170
111491
112804
114163
115685
117008
118330
119653
120967
122324
123689
125011
126338
127659
128970
130702
132462
134222
135989
137724
139467
141166
142864
144558
146259
147947
149988
151690
153388
155083
156846
158581
160320
162056
163808
165532
167243
168957
170655
172356
174055
175738
177467
179162
180858
182632
184600
186357
188105
189837
191576
193305
195003
196688
198430
200149
201844
203540
205238
207037
208774
210528
212269
214008
215738
217476
219178
220875
222565
224265
225965
227925
229627
231326
233023
234780
236537
238277
240023
241758
243484
245189
246882
248648
250357
252054
253745
255452
257162
258868
260612
262340
264068
265809
267558
269288
271005
272710
274407
276112
277857
279553
281264
282969
284735
286481
288252
289992
291737
293466
295169
296874
298639
300330
302032
303725
305419
307127
308847
310582
312324
314072
315813
317575
319342
321045
322769
324490
326184
327936
329656
331365
333076
334869
336656
338406
340145
341908
343664
345414
347118
348944
350650
352348
354070
355766
357474
359179
360884
362610
364348
366103
367836
369599
371327
373009
374709
376403
378140
379837
381531
383219
384926
386661
20503
39757
63341
64700
66018
67393
68753
70082
71412
72745
74093
75459
76835
78164
79491
80822
82151
83538
84916
86246
87578
88909
90236
91607
92980
94309
95640
96973
98306
99668
101036
102348
103685
105004
106327
107697
109068
110394
111725
113051
114405
115776
117144
118466
119798
121128
122454
124090
125460
126849
128182
129877
131578
133285
135011
136710
138428
140159
141902
143742
145487
147217
149083
150823
152524
154256
155964
157664
159375
161080
162782
164542
166279
168014
169780
171521
173268
175009
176753
178463
180162
181874
183575
185306
187026
188745
190447
192182
193945
195684
197417
199341
201090
202825
204541
206243
207945
209657
211364
213063
214813
216523
218263
220011
221759
223508
225263
227003
228740
230452
232162
233870
235614
237319
239019
240727
242437
244174
245924
247658
249676
251426
253171
254918
256639
258350
260056
261768
263463
265198
266914
268629
270344
272097
273962
275716
277471
279215
280961
282715
284428
286146
287860
289568
291272
292987
294904
296612
298329
300101
301844
303594
305339
307099
308854
310567
312278
314001
315740
317464
319194
320905
322625
324382
326135
327880
329660
331417
333168
334958
336712
338424
340143
341872
343586
345337
347054
348843
350591
352302
354060
355822
357579
359328
361090
362835
364535
366259
367966
369664
371374
373079
374818
376530
378264
379999
381753
383497
385260
387011
20431
39629
64292
65623
66949
68300
69627
70984
72355
73690
75013
76340
77673
79052
80428
81761
83086
84410
85745
87112
88522
89850
91171
92503
93828
95162
96533
97903
99638
100965
102289
103612
104975
106338
107662
108994
110320
111657
113013
114395
115722
117049
118374
119716
121069
122442
123787
125119
126447
127785
129154
130913
132660
134412
136160
137912
139621
141332
143036
144750
146452
148164
149942
151644
153398
155136
156891
158645
160400
162144
163942
165661
167363
169065
170769
172470
174175
175887
177589
179402
181156
182886
184634
186391
188134
189842
191544
193243
194949
196653
198385
200112
201828
203521
205266
207022
208766
210513
212266
214026
215730
217449
219149
220866
222580
224281
225988
227696
229455
231217
232976
234712
236467
238261
240001
241706
243419
245122
246818
248580
250317
252023
253733
255459
257210
258973
260720
262453
264243
265972
267682
269405
271208
272927
274645
276355
278062
279809
281520
283272
285034
286782
288527
290289
292028
293737
295463
297172
298976
300723
302426
304128
305837
307546
309289
311048
312806
314726
316485
318247
320000
321733
323455
325185
326909
328611
330383
332109
333814
335550
337326
339073
340826
342594
344351
346110
347824
349953
351683
353402
355126
356839
358565
360300
362016
363733
365489
367218
368973
370708
372454
374203
375930
377639
379355
381114
382810
384522
386232
387939
20412
39603
63725
65065
66456
67836
69181
70556
71899
73247
74627
76004
77352
78699
80039
81383
82759
84174
85522
86870
88212
89558
90906
92285
93670
95017
96357
97706
99343
100721
102125
103469
104810
106171
107516
108854
110245
111651
112984
114331
115677
117057
118444
119827
121211
122561
123897
125237
126622
128007
129345
131110
132823
134536
136248
137967
139687
141404
143159
144914
146682
148477
150230
152179
153937
155688
157410
159133
160878
162603
164323
166035
167788
169503
171220
172979
174743
176497
178262
180019
181808
183531
185250
186965
188693
190431
192144
193866
195590
197304
199193
200944
202739
204517
206280
208032
209804
211618
213318
215074
216834
218714
220454
222171
223884
225603
227325
229072
230837
232609
234381
236140
237912
239664
241533
243251
244966
246692
248444
250153
251876
253598
255312
257078
258846
260612
262525
264279
266032
267796
269565
271315
273052
274781
276495
278221
279945
281658
283388
285183
286943
288713
290480
292270
294036
295799
297516
299490
301232
302947
304676
306393
308102
309828
311549
313277
315049
316816
318583
320351
322168
323933
325711
327458
329183
330906
332649
334373
336275
338022
339759
341491
343235
345010
346790
348601
350379
352213
353979
355736
357480
359207
360930
362653
364381
366098
367816
369539
371251
373044
374799
376554
378318
380074
381830
383576
385294
387029
388763
390483
20395
39586
86724
88633
90248
91703
93059
94422
95744
97074
98433
99751
101149
102544
103864
105184
106508
107831
109195
110561
111903
113233
114559
115879
117244
118614
119944
121301
122628
123949
125307
126674
127996
129328
130652
131971
133367
134735
136057
137388
138717
140039
141401
142770
144088
145411
146736
148057
149870
151235
152611
154356
156062
157755
159465
161185
162888
164594
166296
167987
169724
171467
173219
174966
176707
178446
180153
181880
183577
185282
187007
188700
190409
192110
193807
195556
197303
199127
200871
202638
204366
206072
207770
209461
211192
212886
214578
216281
217982
219713
221461
223224
224980
226735
228480
230171
231890
233590
235283
237017
238717
240413
242126
243853
245587
247331
249191
250924
252702
254447
256170
257876
259586
261277
262987
264683
266376
268081
269779
271526
273293
275036
276773
278540
280282
281983
283695
285389
287108
288817
290522
292227
293965
295710
297445
299387
301130
302899
304651
306421
308127
309842
311547
313239
314952
316657
318357
320068
321812
323563
325311
327062
328812
330566
332297
333995
335715
337497
339194
340924
342635
344361
346091
347813
349886
351634
353433
355181
356973
358743
360524
362273
363982
365694
367414
369128
370826
372569
374296
375993
377755
379505
381274
383028
384780
386516
388275
389978
391672
393378
395087
396775
398531
400220
401915
403688
405425
407197
408948
410693
20334
39498
62517
63835
65174
66541
67903
69248
70578
71902
73223
74609
75975
77290
78602
79930
81255
82640
84005
85327
86648
87965
89290
90670
92022
93349
94671
97223
99075
100794
102263
103604
104928
106293
107615
108938
110262
111584
112907
114273
115609
116959
118273
119617
120959
122327
123640
124965
126288
127609
128935
130704
132452
134187
135927
137620
139328
141023
142722
144425
146127
147822
149869
151597
153295
155030
156769
158503
160253
161985
163704
165402
167340
169033
170736
172430
174125
175826
177523
179253
181010
182764
184495
186237
187982
189708
191413
193107
194803
196505
198202
199891
201622
203316
205047
206786
208525
210447
212194
213932
215629
217351
219046
220739
222442
224161
225853
227553
229252
231201
232960
234697
236435
238173
239912
241606
243312
245008
246704
248443
250139
252029
253731
255432
257177
258925
260698
262430
264173
265934
267691
269404
271113
272816
274518
276219
277916
279618
281352
283098
284849
286589
288328
290070
291806
293503
295214
296916
298668
300372
302096
303784
305485
307227
308955
310729
312473
314221
315968
317949
319658
321395
323107
324828
326544
328243
329962
331697
333404
335163
336933
338682
340425
342186
343933
345643
347355
349213
350912
352638
354359
356062
357775
359481
361251
362990
364727
366465
368213
369952
371642
373341
375037
376731
378431
380127
381843
383545
385248
386983
20365
39534
63144
64471
65794
67120
68496
69854
71180
72552
73879
75192
76566
77930
79251
80580
81929
83254
84622
86014
87337
88657
89982
91297
92669
94023
95347
96670
98013
99745
101069
102432
103752
105075
106403
107727
109053
110421
111742
113090
114410
115768
117091
118452
119811
121140
122740
124067
125384
126739
128108
129869
131573
133297
135001
136696
138399
140100
141800
143499
145238
146972
148785
150531
152269
154051
155753
157443
159140
160840
162812
164516
166258
167953
169659
171360
173093
174842
176585
178339
180085
181820
183766
185472
187185
188878
190583
192283
193997
195702
197403
199295
201051
202790
204524
206268
208009
209704
211412
213152
214840
216568
218269
219967
221674
223378
225115
226858
228603
230326
232077
233845
235549
237254
238954
240649
242366
244068
245761
247468
249375
251154
252899
254667
256409
258168
259912
261606
263353
265053
266908
268625
270338
272044
273752
275459
277197
278945
280697
282440
284218
285961
287662
289376
291078
292775
294492
296199
297896
300015
301743
303439
305181
306925
308660
310408
312161
313950
315658
317422
319134
320846
322582
324301
326018
327721
329439
331195
332953
334738
336527
338276
340014
341743
343471
345183
346899
348702
350405
352230
353952
355660
357378
359122
360870
362622
364393
366147
367896
369594
371288
373007
374705
376401
378108
379802
381499
383243
385098
386829
20362
39515
62869
64258
65586
66909
68237
69565
70889
72260
73588
74908
76233
77564
78897
80278
81608
82932
84258
85579
86917
88265
89593
90914
92243
93583
94896
96254
97586
99092
100413
101730
103048
104447
105794
107115
108561
109893
111227
112574
113948
115273
116599
117960
119278
120620
121970
123291
124615
125945
127265
129017
130747
132458
134174
135898
137592
139304
141010
142697
144397
146103
147824
149793
151498
153213
154935
156657
158366
160090
161816
163514
165218
166911
168650
170352
172057
173743
175446
177160
178912
180640
182363
184082
185805
187511
189233
190936
192631
194320
196022
197760
199765
201466
203187
204889
206621
208369
210112
211824
213545
215241
216944
218681
220383
222074
223770
225460
227182
228915
230669
232382
234118
235835
237540
239253
240956
242651
244356
246054
247758
249746
251447
253160
254872
256605
258326
260057
261792
263518
265236
266952
268683
270395
272102
273801
275503
277227
278951
280685
282422
284149
285875
287576
289310
291017
292733
294438
296130
297859
299909
301599
303298
305019
306768
308498
310242
311981
313902
315621
317337
319087
320803
322521
324237
325928
327654
329373
331097
332864
334609
336343
338077
339889
341611
343327
345041
346759
348546
350245
351962
353669
355376
357103
358841
360600
362317
364084
365793
367492
369238
370922
372623
374329
376025
377727
379431
381168
382900
384628
20325
39660
63670
65000
66892
68313
69858
71222
72544
73864
75195
76529
77888
79243
80574
81895
83224
84559
85919
87284
88626
89946
91276
92598
93971
95334
96658
98193
99483
100808
102206
103570
104897
106216
107545
108858
110202
111578
112903
114231
115558
116876
118230
119605
120933
122256
123585
124910
126267
127625
128966
130658
132364
134064
135784
137487
139192
140883
142614
144344
146084
147825
149950
151690
153434
155133
156816
158544
160234
161936
163626
165332
167024
168761
170503
172246
173976
175715
177463
179244
180937
182642
184333
186063
187764
189471
191163
192870
194600
196342
198067
200344
202114
203854
205592
207331
209051
210753
212451
214165
215863
217566
219254
220966
222700
224439
226181
227926
229694
231430
233131
234821
236552
238256
239952
241643
243352
245053
246746
248518
250268
252001
253748
255491
257210
258926
260630
262318
264028
265727
267423
269139
270871
272617
274366
276117
277847
279632
281379
283075
284794
286510
288206
289916
291618
293311
295034
296774
298540
300321
302065
303791
305535
307277
308967
310675
312385
314089
315794
317515
319218
320963
322719
324475
326235
327975
329745
331494
333232
334959
336688
338402
340101
341829
343537
345243
346959
348784
350556
352337
354106
355850
357609
359349
361050
362758
364454
366141
367845
369546
371258
372951
374684
376417
378164
379928
381660
383403
385108
386796
20378
39642
63915
65273
66614
67948
69281
70625
72008
73383
74722
76063
77399
78740
80118
81491
82834
84173
85507
86848
88242
89622
90966
92298
93639
94979
96350
97732
99432
100762
102101
103445
104776
106178
107567
108905
110253
111595
112927
114307
115684
117018
118359
119718
121047
122426
123807
125139
126480
127818
129151
130870
132630
134394
136159
137919
139678
141458
143171
144887
146617
148365
150067
151787
153506
155219
156942
158698
160446
162216
163968
165719
167481
169199
170913
172635
174355
176062
177785
179503
181213
182938
184697
186450
188224
189987
191741
193506
195253
196955
198755
200474
202187
203906
205626
207334
209062
210818
212585
214359
216121
217874
219637
221396
223108
224833
226574
228284
230010
231728
233442
235162
236890
238639
240418
242171
243911
245670
247429
249379
251102
252823
254534
256263
257988
259707
261436
263155
264863
266623
268387
270154
271961
273730
275481
277201
278923
280648
282398
284126
285847
287579
289299
291018
292806
294568
296324
298115
299868
301643
303404
305118
306828
308559
310279
311986
313719
315448
317162
318908
320673
322464
324249
326030
327807
329562
331352
333093
334830
336572
338320
340038
341770
343501
345241
347020
348908
350686
352461
354227
356013
357787
359550
361328
363041
364768
366475
368197
369908
371629
373352
375073
376822
378581
380338
382123
383890
385654
387413
389139
20453
39650
63609
64927
66314
67648
68971
70301
71625
72948
74317
75660
76979
78299
79619
80938
82322
83649
84968
86288
87614
88937
90306
91636
92952
94281
95605
96974
98369
99708
101033
102347
103665
104985
106382
107721
109048
110376
111698
113018
114383
115952
117280
118606
119925
121245
122610
123972
125301
126649
127970
129676
131382
133111
134860
136640
138377
140117
141862
143544
145252
146946
148696
150400
152104
153799
155504
157269
159000
160776
162521
164250
166022
167757
169452
171146
172842
174535
176242
177945
179638
181345
183088
184824
186607
188353
190087
191824
193531
195240
196938
198703
200394
202092
203797
205487
207269
209009
210769
212533
214275
216008
217738
219447
221159
222861
224566
226258
227991
229695
231393
233126
234880
236626
238372
240114
241852
243559
245289
246971
248738
250432
252124
253833
255542
257326
259081
260821
262559
264299
266056
267796
269511
271224
272921
274633
276340
278055
279769
281484
283220
284967
286716
288458
290193
291937
293634
295382
297083
298850
300560
302258
303949
305660
307413
309148
310919
312675
314412
316179
317943
319640
321366
323094
324797
326507
328268
329987
331705
333422
335178
336985
338737
340490
342252
344004
345997
347747
349834
351533
353255
354966
356667
358403
360114
361834
363539
365280
367029
368772
370515
372246
373996
375743
377444
379166
380870
382561
384270
385977
20424
39704
63027
64352
65672
67048
68377
69717
71034
72360
73680
75040
76367
77688
79002
80328
81700
83084
84409
85727
87074
88401
89727
91136
92463
93784
95100
96431
97759
99376
100766
102084
103398
104745
106065
107416
108777
110113
111433
112757
114077
115430
116797
118155
119471
120797
122118
123470
124828
126150
127468
129168
130866
132551
134258
135991
137743
139476
141256
142980
144721
146418
148111
149819
151516
153210
154945
156643
158333
160072
161825
163556
165299
167033
168763
170514
172211
173898
175604
177298
178985
180689
182399
184090
185830
187569
189379
191158
192914
194636
196331
198024
200130
201830
203527
205254
206958
208653
210343
212223
213962
215693
217440
219196
220930
222669
224383
226072
227777
229469
231159
232891
234594
236281
238018
239770
241544
243286
245022
246745
248502
250196
251882
253588
255327
257025
258733
260424
262135
263880
265621
267365
269123
270886
272614
274322
276024
277716
279427
281132
282847
284560
286259
287994
289762
291522
293285
295035
296769
298529
300233
301925
303609
305341
307036
308730
310444
312169
313897
315662
317415
319151
320923
322686
324380
326083
327801
329505
331221
332969
334680
336393
338094
339906
341669
343428
345155
346919
348741
350436
352161
353869
355590
357298
359001
360693
362417
364115
365843
367583
369317
371046
372789
374522
376215
377918
379615
381305
383291
384979
20477
39706
63208
64522
65888
67265
68588
69908
71240
72565
73918
75310
76655
77980
79310
80634
81950
83324
84715
86030
87349
88675
90000
91384
92741
94064
95390
96721
98036
99793
101159
102479
103805
105127
106555
107881
109241
110559
111886
113215
114532
115895
117257
118574
119902
121225
122545
123892
125256
126576
127903
129590
131284
132985
134691
136410
138158
139896
141656
143427
145174
146901
148682
150378
152072
153771
155468
157194
158899
160600
162293
164034
165804
167542
169283
171020
172750
174454
176154
177867
179570
181270
182964
184663
186395
188123
189865
191633
193359
195111
196845
198578
200283
201979
203674
205366
207086
208770
210473
212198
213918
215929
217670
219404
221149
222879
224573
226358
228056
229748
231454
233153
234856
236584
238307
240036
241814
243553
245285
247032
248834
250526
252226
253928
255630
257366
259069
260755
262457
264190
265952
267713
269461
271210
272957
274695
276407
278114
279821
281527
283243
284939
286662
288375
290108
291858
293610
295347
297081
298901
300601
302282
303982
305687
307412
309119
310829
312532
314240
316020
317779
319550
321308
323067
324819
326550
328261
329981
331689
333407
335137
336877
338579
340302
342068
343818
345577
347333
349177
350922
352671
354374
356089
357814
359515
361233
362927
364618
366340
368076
369805
371563
373299
375033
376811
378517
380211
381915
383623
385318
20285
39329
62692
64015
65328
66667
68019
69337
70670
71997
73304
74648
75998
77314
78635
79983
81301
82673
84051
85364
86692
88007
89329
90703
92279
93592
94919
96242
97601
99167
100505
101883
103208
104523
105834
107160
108506
109846
111171
112490
113813
115165
116506
117845
119168
120487
121807
123146
124518
125854
127183
128873
130596
132296
133975
135670
137395
139099
140821
142589
144297
146017
147722
149716
152711
155790
158171
160327
162260
163988
165720
167432
170235
172619
174668
176496
178198
179921
181624
183399
185126
186865
188622
190363
192391
194148
195875
197579
199592
201295
203001
204714
206422
208124
209831
211535
213457
215232
216976
218723
220466
222232
223979
225702
227405
229111
230820
232520
234230
235943
237649
239390
241145
242922
244675
246429
248165
249898
251633
253336
255041
256753
258454
260164
261888
263628
265375
267124
268873
270619
272404
274154
275909
277632
279340
281054
282775
284481
286195
287923
289636
291382
293173
294925
296673
298468
300252
302017
303730
305441
307151
308852
310554
312266
314005
315723
317441
319204
320970
322859
324630
326378
328146
329921
331633
333345
335084
336801
338520
340263
341987
343903
345630
347387
349371
351162
352950
354728
356489
358232
360001
361727
363438
365154
366916
368625
370331
372044
373768
375478
377228
378994
380745
382526
384271
386016
387734
389440
391152
392867
20403
39660
63291
64642
65969
67295
68601
69963
71320
72635
73959
75271
76581
77963
79322
80638
81993
83305
84612
85971
87484
88799
90125
91445
92751
94117
95484
96838
98167
99550
100871
102260
103618
104944
106288
107595
108920
110229
111592
112910
114243
115568
116889
118227
119594
120923
122247
123571
124894
126222
127614
129355
131084
132802
134496
136196
137899
139604
141300
143001
144697
146426
148179
149987
151707
153431
155155
156874
158562
160265
161949
163633
165328
167032
168736
170475
172216
173944
175672
177439
179163
180866
182579
184264
185961
187658
189345
191046
192733
194457
196185
197958
200086
201826
203563
205285
207011
208728
210416
212115
213808
215494
217213
218926
220610
222352
224090
225809
227564
229321
231008
232722
234427
236114
237814
239507
241194
242893
244589
246310
248082
249826
251540
253283
254978
256680
258386
260074
261761
263461
265151
266883
268629
270395
272125
273869
275602
277334
279070
280775
282468
284176
285868
287560
289277
290975
292665
294405
296139
297893
300054
301828
303557
305319
307049
308738
310448
312154
313844
315567
317293
319020
320739
322490
324229
325981
327755
329497
331241
332955
334665
336376
338075
339781
341495
343200
344895
346611
348680
350411
352214
353963
355691
357444
359182
360869
362569
364259
365942
367664
369374
371061
372760
374489
376244
377990
379718
381448
383192
384884
20428
39577
63701
65037
66402
67790
69126
70454
71784
73118
74478
75847
77186
78513
79842
81178
82540
83911
85269
86594
87945
89281
90645
92015
93352
94959
96287
97625
99153
100528
101901
103227
104564
105899
107216
108584
109962
111288
112616
113953
115278
116646
118017
119338
120667
122003
123319
124686
126072
127401
128728
130445
132147
133852
135568
137384
139139
140894
142643
144390
146178
147922
150108
151862
153563
155308
157019
158721
160429
162146
163848
165552
167304
169051
170802
172597
174336
176113
177868
179569
181277
182991
184717
186422
188142
189860
191569
193279
195022
196811
198620
200356
202108
203859
205599
207303
209016
210716
212422
214135
215837
217542
219304
221038
222989
224748
226508
228251
230007
231735
233444
235173
236882
238602
240320
242022
243719
245434
247174
249018
250800
252538
254284
256157
257926
259642
261364
263066
264773
266489
268196
269914
271641
273383
275131
276903
278653
280404
282169
283930
285674
287426
289145
290860
292566
294271
295984
297704
299698
301406
303150
304874
306650
308410
310149
311888
313614
315318
317027
318754
320469
322185
323945
325677
327412
329166
330928
332693
334462
336277
338047
339833
341544
343274
344999
346700
348445
350174
351879
353595
355329
357098
358848
360617
362369
364118
365876
367580
369285
370994
372693
374550
376264
377967
379676
381381
383123
384888
386700
388440
20814
40079
64496
65827
67150
68482
69857
71240
72572
73905
75230
76560
77942
79313
80679
82017
83342
84672
86043
87404
88737
90108
91438
92805
94135
95507
96863
98254
99578
100911
102241
103610
104977
106312
107634
108962
110295
111672
113042
114374
115701
117021
118357
119721
121222
122560
123884
125211
126535
127897
129270
131076
132780
134481
136197
137899
139611
141325
143028
144745
146465
148218
149960
151749
153510
155254
157009
158712
160421
162134
163834
165573
167291
168992
170693
172516
174251
175996
177772
179516
181303
183067
184768
186475
188196
189898
191604
193316
195024
196718
198499
200224
202018
203770
205513
207258
209014
210725
212436
214149
215884
217593
219304
220996
222722
224460
226200
227950
229702
231471
233220
234970
236682
238390
240105
241806
243518
245232
246927
248723
250435
252189
253942
255705
257456
259235
261001
262701
264407
266164
267874
269591
271320
273056
274764
276480
278225
279974
281769
283524
285281
287045
288752
290465
292184
293888
295606
297326
299225
300935
302679
304410
306151
307917
309662
311431
313193
314935
316706
318430
320147
321859
323612
325342
327061
328778
330501
332293
334067
335836
337607
339370
341138
342886
344624
346332
348050
349823
351535
353368
355095
356813
358535
360286
362060
363826
365598
367368
369118
370820
372523
374235
375994
377704
379419
381114
382859
384577
386324
388072
