9908
66623
125431
176093
226724
277389
329660
380304
430949
481593
532237
582892
633554
684193
734806
785255
835532
885815
936141
986632
1037078
1087550
1138024
1140898
1141654
1142360
1143061
1143826
1144544
1145247
1145999
1146601
1147327
1148023
1148731
1149433
1150189
1150896
1151595
1152188
1152899
1153553
1154258
1156088
1156820
1157525
1158225
1158821
1159529
1160238
1160937
1162040
1163101
1164251
1165363
1166257
1167385
1168490
1169642
1170743
1171862
1172969
1174111
1174968
1176093
1177212
1178356
1179523
1181475
1182478
1183404
1184154
1185154
1186154
1187146
1188190
1189183
1190184
1191184
1191987
1192997
1193883
1194873
1195906
1196906
1197909
1198900
1199932
1200925
1201913
1202903
1204763
1205777
1206768
1207758
1208708
1209756
1210747
1211736
1212725
1213760
1214586
1215575
1216393
1217401
1218397
1219386
1220383
1221374
1222253
1223242
1224276
1225261
1226253
1228029
1229030
1230064
1231055
1232044
1232919
1233973
1234801
1235790
1236783
1237821
1238826
1239659
1240487
1241520
1242501
1243515
1244529
1245581
1246591
1247593
1248421
1250260
1251239
1252236
1253256
1254304
1255084
1256067
1256981
1257880
1258898
1259897
1260917
1261941
1262928
1263914
1264898
1265915
1266936
1267937
1268951
1270014
1271031
1272045
1273862
1274806
1275737
1276781
1277843
1278858
1279913
1280968
1281990
1282886
1283984
1285026
1286037
1287047
1288155
1289167
1290189
1291078
1292110
1293141
1294149
1295219
1296247
1298042
1299055
1299939
1300924
1301949
1302942
1303919
1304905
1305793
1306771
1307567
1308557
1309522
1310514
1311509
1312499
1313526
1314515
10207
66598
123292
173748
224210
274649
326938
377578
428221
478865
529514
580053
630505
680957
731400
781850
832304
882748
933198
983647
1034115
1084775
1106702
1107326
1108023
1108744
1109467
1110188
1110868
1111591
1112278
1113010
1113720
1114407
1115119
1115822
1116550
1117263
1117942
1118660
1119367
1120118
1120826
1122722
1123428
1124177
1124775
1125499
1126247
1126969
1127676
1128834
1129997
1131103
1131996
1133121
1134275
1135387
1136502
1137593
1138743
1139858
1140931
1142016
1143143
1144297
1145449
1146576
1148394
1149391
1150422
1151412
1152403
1153395
1154427
1155419
1156428
1157419
1158325
1159305
1160252
1161247
1162280
1163272
1164263
1165254
1166095
1167098
1168088
1169080
1170129
1171973
1172966
1173964
1174761
1175775
1176777
1177734
1178775
1179756
1180748
1181740
1182579
1183591
1184594
1185587
1186658
1187661
1188631
1189665
1190501
1191532
1192526
1193520
1195404
1196438
1197448
1198458
1199346
1200414
1201404
1202394
1203386
1204420
1205416
1206419
1207298
1208327
1209309
1210291
1211286
1212325
1213327
1214326
1215192
1216221
1218025
1219011
1220011
1221005
1222048
1223034
1224017
1225016
1226040
1227044
1228057
1229062
1230042
1231040
1232026
1233026
1234098
1235114
1236119
1237137
1238196
1239217
1240079
1241788
1242828
1243846
1244915
1245962
1246965
1248031
1248936
1250000
1250846
1251889
1252933
1253945
1254959
1256015
1256835
1257855
1258867
1259952
1260965
1261980
1262984
1264037
1265441
1266472
1267483
1268514
1269509
1270502
1271291
1272312
1273298
1274298
1275300
1276334
1277338
1278333
1279325
1280357
1281246
1282248
9926
66077
123126
173648
224160
274664
326414
377045
427660
478214
528692
579138
629590
680132
730599
781256
831896
882481
932956
983415
1033878
1076719
1077419
1078130
1078874
1079582
1080290
1080996
1081697
1082283
1083005
1083711
1084393
1085078
1085785
1086501
1087221
1087962
1088683
1089400
1090114
1090834
1091581
1093524
1094253
1094977
1095700
1096477
1097182
1097886
1098649
1099793
1100897
1101756
1102906
1104033
1105000
1106111
1107257
1108400
1109506
1110340
1111453
1112604
1113724
1114860
1115966
1117114
1119068
1119876
1120883
1121880
1122907
1123900
1124858
1125849
1126846
1127839
1128840
1129838
1130880
1131872
1132871
1133861
1134906
1135860
1136870
1137873
1138914
1139904
1140906
1142725
1143716
1144620
1145622
1146623
1147624
1148654
1149680
1150658
1151645
1152591
1153580
1154577
1155572
1156640
1157630
1158618
1159606
1160443
1161441
1162429
1163418
1164462
1166135
1167127
1168125
1168970
1169970
1170959
1171950
1172975
1173976
1174979
1175976
1176974
1177980
1178959
1179948
1180969
1181869
1182868
1183869
1184702
1185701
1186684
1188445
1189442
1190534
1191546
1192566
1193372
1194400
1195398
1196385
1197393
1198438
1199434
1200489
1201293
1202286
1203271
1204272
1205274
1206276
1207292
1208319
1209219
1210241
1212059
1213096
1214111
1215194
1216240
1217273
1218316
1219382
1220434
1221447
1222498
1223541
1224595
1225614
1226682
1227701
1228783
1229795
1230848
1231857
1232872
1233808
1234828
1236593
1237602
1238658
1239649
1240648
1241646
1242645
1243656
1244648
1245635
1246667
1247658
1248614
1249644
1250633
1251505
1252504
1253492
9601
66332
124947
175614
226241
276891
329115
379765
430411
481046
531764
582425
633102
683774
734458
785138
835859
886538
937217
987875
1038550
1089211
1139940
1190626
1241313
1292002
1342665
1393352
1444075
1494767
1545433
1596089
1646776
1697424
1730363
1731062
1731819
1732539
1733246
1733995
1734717
1735437
1737330
1738075
1738807
1739510
1740254
1740904
1741598
1742316
1743032
1744150
1745271
1746431
1747592
1748526
1749690
1750798
1751935
1753036
1754143
1755269
1756417
1757354
1758484
1759589
1760708
1761869
1763757
1764748
1765736
1766540
1767586
1768575
1769563
1770553
1771339
1772334
1773323
1774152
1775161
1776160
1777150
1778184
1779184
1780136
1781127
1781962
1782971
1783833
1784824
1786662
1787699
1788698
1789698
1790694
1791615
1792572
1793581
1794572
1795600
1796606
1797608
1798610
1799695
1800644
1801638
1802618
1803649
1804639
1805629
1806617
1807647
1808452
1810232
1811225
1812063
1813052
1814041
1815031
1816064
1816877
1817884
1818879
1819915
1820909
1821907
1822893
1823916
1824713
1825724
1826717
1827755
1828762
1829754
1830746
1832396
1833207
1834224
1835234
1836270
1837261
1838257
1839285
1840328
1841145
1842187
1843048
1844072
1845059
1846045
1847042
1848117
1849002
1850049
1851075
1852129
1853143
1854170
1855986
1857004
1857932
1858992
1860047
1861061
1862121
1863186
1864199
1865213
1866177
1867225
1868235
1869246
1870339
1871350
1872362
1873391
1874234
1875258
1876277
1877339
1878371
1880175
1881191
1882010
1882922
1883979
1884969
1885948
1886928
1887954
1888952
1889758
1890774
1891805
1892805
1893801
1894814
1895842
1896841
10350
67060
123793
174303
224797
275291
326999
377515
428049
478719
529385
579916
630573
681225
731848
782369
832799
883360
933938
984391
1034830
1085279
1135729
1186183
1236611
1263547
1264302
1265007
1265743
1266460
1267164
1267914
1268619
1269307
1270001
1270731
1271444
1272206
1272952
1273662
1274374
1275095
1275739
1277620
1278367
1279082
1279851
1280561
1281323
1282033
1282760
1283801
1284963
1286081
1287231
1288380
1289557
1290669
1291779
1292908
1294046
1295167
1296277
1297393
1298593
1299785
1300720
1301825
1303745
1304778
1305803
1306791
1307789
1308778
1309807
1310713
1311721
1312769
1313793
1314783
1315772
1316763
1317796
1318704
1319614
1320668
1321667
1322666
1323655
1324618
1325610
1327416
1328362
1329424
1330466
1331465
1332462
1333454
1334526
1335525
1336509
1337511
1338545
1339545
1340553
1341607
1342616
1343649
1344466
1345510
1346549
1347540
1348529
1349529
1351187
1352102
1353142
1354141
1355051
1356081
1357071
1358061
1359062
1359913
1360968
1361961
1362954
1363974
1364954
1365942
1366935
1367903
1368957
1369954
1370935
1371962
1373766
1374751
1375750
1376673
1377775
1378761
1379817
1380841
1381876
1382889
1383899
1384798
1385753
1386750
1387738
1388723
1389775
1390778
1391780
1392749
1393733
1394771
1395647
1397476
1398536
1399552
1400656
1401537
1402539
1403549
1404603
1405694
1406707
1407827
1408869
1409759
1410789
1411912
1412933
1414014
1415025
1416130
1417152
1418006
1419075
1420124
1421921
1422964
1423974
1424970
1426001
1427027
1428027
1429013
1430039
1431019
1432016
1433042
1434077
1435067
1435984
1436974
1438005
1439006
10177
68822
127639
178276
228745
279367
331589
382124
432401
482802
533258
583737
634196
684650
735107
785569
836065
886520
936972
985660
986399
987101
987819
988522
989223
989936
990540
991171
991908
992620
993351
994054
994781
995498
996222
996852
997619
998329
999043
999820
1000519
1001234
1001975
1003731
1004434
1005161
1005905
1006610
1007315
1008025
1008732
1009838
1010901
1012078
1013204
1014256
1015377
1016482
1017647
1018760
1019819
1020945
1022096
1023207
1024323
1025431
1026539
1027689
1029264
1030274
1031101
1032157
1033155
1034146
1035142
1036197
1037003
1038009
1039001
1040037
1041038
1042029
1043019
1043954
1044912
1045914
1046904
1047896
1048897
1049922
1050907
1052739
1053731
1054692
1055691
1056681
1057711
1058703
1059693
1060683
1061515
1062507
1063497
1064446
1065478
1066481
1067471
1068461
1069276
1070285
1071276
1072278
1073277
1074271
1076052
1077042
1077908
1078919
1079918
1080906
1081946
1082944
1083937
1084927
1085784
1086774
1087772
1088752
1089782
1090764
1091758
1092756
1093666
1094669
1095518
1096529
1098324
1099310
1100221
1101218
1102261
1103245
1104239
1105209
1106232
1107248
1108248
1109248
1110152
1111159
1112155
1113139
1114179
1115182
1116183
1117206
1118145
1119170
1120187
1122002
1123029
1124091
1125142
1126187
1127044
1128114
1129175
1130185
1131238
1132341
1133388
1134409
1135343
1136408
1137466
1138487
1139498
1140550
1141627
1142651
1143504
1144521
1146323
1147336
1148355
1149348
1150374
1151362
1152157
1153147
1154164
1155142
1156135
1157125
1158168
1159156
1159994
1161000
1162031
1163020
10144
68938
127747
178295
228854
279546
331668
382161
432608
483083
533540
584001
634463
685047
735699
786344
836885
887358
937816
988293
1038766
1044399
1045147
1045850
1046551
1047319
1048024
1048729
1049486
1050184
1050884
1051608
1052332
1053016
1053718
1054439
1055137
1055845
1056547
1057252
1057959
1058666
1059366
1060858
1061592
1062296
1062999
1063706
1064408
1065111
1065820
1066710
1067823
1068931
1069858
1070969
1072076
1073187
1074297
1075228
1076360
1077480
1078591
1079763
1080883
1082004
1083071
1084144
1086135
1086987
1087986
1088988
1089972
1090973
1091972
1092832
1093872
1094875
1095859
1096849
1097876
1098868
1099891
1100736
1101763
1102745
1103711
1104694
1105732
1106721
1107482
1109298
1110289
1111319
1112309
1113299
1114288
1115314
1116067
1117073
1118070
1119098
1120088
1120944
1121937
1122923
1123880
1124887
1125907
1126907
1127911
1128909
1129913
1130913
1132447
1133461
1134488
1135522
1136529
1137530
1138437
1139471
1140344
1141332
1142338
1143395
1144390
1145371
1146367
1147385
1148230
1149245
1150290
1151329
1152312
1153294
1155053
1155891
1156737
1157756
1158756
1159782
1160768
1161755
1162741
1163788
1164638
1165657
1166643
1167696
1168685
1169671
1170672
1171715
1172532
1173566
1174594
1175661
1176679
1178508
1179526
1180552
1181490
1182550
1183566
1184598
1185698
1186713
1187729
1188722
1189683
1190606
1191487
1192540
1193594
1194606
1195617
1196673
1197698
1198687
1199785
1200787
1202563
1203625
1204632
1205637
1206553
1207599
1208560
1209537
1210526
1211546
1212516
1213532
1214404
1215454
1216444
1217432
1218421
1219452
10045
68804
127642
178272
228895
279461
331694
382364
432910
483384
533831
584286
634738
685191
735640
786086
836536
886986
937452
988107
1038771
1084766
1085478
1086215
1086930
1087633
1088390
1089104
1089810
1090561
1091274
1091993
1092719
1093410
1094111
1094822
1095499
1096085
1096805
1097511
1098231
1098951
1099706
1101573
1102300
1102923
1103641
1104348
1105053
1105761
1106464
1107575
1108595
1109527
1110646
1111763
1112917
1114027
1115141
1116245
1117356
1118379
1119420
1120524
1121649
1122807
1123919
1125037
1126955
1127794
1128848
1129843
1130833
1131834
1132872
1133863
1134862
1135862
1136697
1137682
1138683
1139587
1140627
1141636
1142637
1143628
1144488
1145497
1146486
1147475
1148509
1150389
1151387
1152376
1153374
1154403
1155406
1156395
1157379
1158409
1159395
1160347
1161362
1162391
1163376
1164365
1165349
1166379
1167364
1168170
1169164
1170187
1171173
1172198
1173980
1175016
1176006
1176908
1177907
1178936
1179930
1180967
1181965
1183013
1184012
1184930
1185932
1186952
1187939
1188929
1189926
1190966
1191960
1192772
1193760
1194783
1196584
1197571
1198566
1199566
1200470
1201461
1202446
1203431
1204457
1205461
1206469
1207484
1208320
1209330
1210213
1211199
1212253
1213256
1214259
1215297
1216123
1217161
1218176
1219996
1221014
1222028
1222945
1223998
1224822
1225854
1226911
1227925
1228980
1230031
1230951
1231962
1232920
1233995
1235016
1236030
1237073
1238116
1239137
1240158
1241085
1242107
1243858
1244869
1245754
1246796
1247789
1248780
1249579
1250627
1251401
1252378
1253374
1254400
1255388
1256378
1257189
1258223
1259223
1260211
10034
66755
123801
174223
224611
275153
326218
376674
427096
477738
528273
578731
629177
679631
730079
780532
830974
881630
932288
982945
1033601
1073631
1074356
1075080
1075796
1076539
1077262
1077967
1078723
1079275
1079985
1080732
1081435
1082119
1082869
1083576
1084322
1084879
1085602
1086321
1086967
1087675
1088382
1090275
1091057
1091594
1092318
1093059
1093776
1094500
1095224
1096344
1097465
1098281
1099442
1100624
1101731
1102840
1103947
1105088
1106197
1107130
1108252
1109395
1110565
1111709
1112819
1113923
1115892
1116855
1117847
1118846
1119835
1120868
1121861
1122858
1123846
1124872
1125901
1126913
1127914
1128953
1129944
1130942
1131940
1132976
1133809
1134822
1135812
1136792
1137793
1139589
1140590
1141581
1142425
1143455
1144462
1145452
1146450
1147438
1148392
1149402
1150281
1151275
1152264
1153321
1154337
1155326
1156313
1157342
1158182
1159176
1160164
1161196
1163018
1164009
1164998
1165987
1167042
1168044
1168999
1169989
1171019
1172022
1173024
1174029
1174897
1175895
1176882
1177869
1178910
1179909
1180916
1181926
1182831
1183829
1185599
1186617
1187628
1188681
1189683
1190670
1191541
1192584
1193581
1194583
1195586
1196620
1197608
1198559
1199396
1200435
1201434
1202436
1203439
1204453
1205469
1206487
1207324
1209187
1210168
1211191
1212235
1213317
1214331
1215347
1216204
1217267
1218280
1219321
1220364
1221375
1222388
1223445
1224360
1225389
1226408
1227452
1228486
1229494
1230614
1231636
1233376
1234409
1235421
1236424
1237426
1238427
1239415
1240399
1241344
1242333
1243366
1244366
1245363
1246353
1247340
1248329
1249314
1250278
10223
66960
122195
172775
223259
273688
325112
375564
426008
476458
526934
577387
627821
678249
728688
779139
829589
876124
876830
877538
878057
878766
879466
880185
880897
881368
882084
882743
883460
884162
884875
885548
886272
886754
887466
888184
888899
889615
890332
891051
891757
892269
892993
894918
895497
896204
896920
897634
898345
898879
899638
900731
901829
902947
904070
905222
906328
907353
908466
909611
910717
911821
912931
914046
915171
916065
917176
918285
920252
921286
922287
923326
924322
925168
926084
927076
928071
929098
930094
931094
932089
933150
933968
934969
935778
936776
937774
938776
939777
940770
941643
943494
944496
945536
946527
947514
948510
949448
950281
951279
952268
953296
954286
955274
956181
957212
958087
959083
960083
961114
962104
963093
964082
965115
966743
967743
968732
969724
970713
971723
972715
973752
974666
975682
976550
977584
978579
979568
980553
981618
982419
983337
984372
985423
986419
987439
989213
990226
991274
992088
993121
994106
995129
996126
997083
998096
999136
999987
1000886
1001882
1002865
1003857
1004857
1005854
1006854
1007700
1008529
1009586
1010600
1012444
1013461
1014475
1015555
1016601
1017438
1018464
1019554
1020569
1021585
1022628
1023709
1024731
1025735
1026801
1027815
1028834
1029846
1030890
1031908
1032959
1033978
1034990
1036754
1037796
1038814
1039822
1040817
1041808
1042616
1043636
1044614
1045663
1046668
1047671
1048661
1049730
1050533
1051441
1052440
1053471
9927
66073
125102
175752
226245
276774
329063
379733
430374
480939
531389
581857
632311
682961
733616
784254
834840
885477
935973
986449
1037062
1087712
1112085
1112796
1113504
1114210
1114908
1115621
1116377
1117079
1117792
1118579
1119294
1119983
1120790
1121503
1122237
1122952
1123610
1124333
1125047
1125756
1126505
1128412
1129127
1129835
1130375
1130972
1131694
1132405
1133110
1134220
1135358
1136472
1137277
1138444
1139557
1140667
1141812
1142957
1144066
1145172
1146180
1147304
1148463
1149590
1150758
1151865
1153829
1154876
1155873
1156862
1157852
1158921
1159920
1160909
1161804
1162810
1163819
1164819
1165818
1166843
1167856
1168846
1169836
1170790
1171736
1172728
1173721
1174759
1175773
1177620
1178621
1179475
1180481
1181493
1182483
1183473
1184505
1185509
1186501
1187499
1188394
1189406
1190399
1191350
1192381
1193384
1194385
1195389
1196311
1197160
1198149
1199141
1200840
1201836
1202788
1203777
1204810
1205617
1206618
1207608
1208638
1209633
1210626
1211581
1212612
1213523
1214464
1215450
1216490
1217489
1218488
1219485
1220508
1221504
1223244
1224266
1225265
1226310
1227315
1228308
1229302
1230333
1231243
1232214
1233131
1234142
1235138
1236134
1237127
1238116
1239125
1240134
1241028
1242086
1242935
1243948
1245004
1246903
1247948
1248776
1249623
1250732
1251743
1252777
1253830
1254900
1255912
1256952
1257831
1258902
1259913
1260966
1261976
1263035
1264041
1265094
1265976
1266941
1268012
1269020
1270811
1271822
1272880
1273850
1274759
1275761
1276788
1277777
1278763
1279745
1280781
1281783
1282628
1283540
1284570
1285571
1286563
1287567
10182
67089
124153
174676
225184
275623
326889
377248
427592
477914
528231
578548
628866
679290
729923
780462
830825
881108
931430
981822
1032389
1035286
1035916
1036638
1037339
1038055
1038772
1039479
1040187
1040889
1041539
1042254
1042970
1043656
1044368
1045075
1045792
1046496
1047204
1047832
1048553
1049258
1049998
1051888
1052530
1053233
1053939
1054533
1055256
1055964
1056677
1057832
1058937
1059982
1061081
1062261
1063283
1064408
1065515
1066627
1067777
1068883
1069986
1071099
1072034
1073118
1074224
1075336
1077031
1078071
1079064
1080062
1081057
1081894
1082851
1083848
1084842
1085886
1086886
1087884
1088873
1089908
1090686
1091694
1092609
1093541
1094532
1095522
1096511
1097542
1098319
1100172
1101161
1102153
1103142
1104121
1105111
1106140
1106919
1107927
1108929
1109986
1110955
1111946
1112945
1113986
1114775
1115785
1116806
1117839
1118830
1119819
1120810
1121846
1123198
1124101
1125095
1126142
1127143
1128079
1129077
1130133
1131008
1132020
1133017
1134054
1135050
1136039
1137022
1138053
1139012
1140029
1141030
1142068
1143073
1143879
1145527
1146512
1147362
1148401
1149400
1150446
1151478
1152462
1153447
1154447
1155256
1156262
1157246
1158232
1159217
1160202
1161202
1162205
1163020
1164025
1165040
1166100
1167116
1168934
1169951
1170967
1171832
1172898
1173858
1174878
1175976
1176999
1178015
1179066
1179940
1180872
1181896
1182960
1184014
1185159
1186174
1187225
1188232
1189202
1190275
1191290
1193055
1194127
1195141
1196135
1197139
1198058
1199066
1200088
1201077
1202092
1203079
1204068
1205057
1206108
1207122
1208111
1209099
1210128
10210
66366
124890
175546
226179
276829
329120
379768
430377
480863
531324
581787
632252
682719
733171
783608
833962
884391
934836
985272
1013241
1013967
1014683
1015399
1016094
1016761
1017483
1018111
1018829
1019553
1020293
1020996
1021700
1022425
1023131
1023700
1024446
1025154
1025858
1026610
1027314
1028023
1028756
1030177
1030920
1031533
1032305
1033028
1033744
1034488
1035134
1036251
1037354
1038274
1039410
1040535
1041638
1042781
1043914
1045034
1046152
1046978
1048098
1049234
1050377
1051589
1052740
1053845
1055756
1056628
1057623
1058605
1059594
1060583
1061368
1062398
1063387
1064261
1065269
1066296
1067286
1068286
1069276
1070305
1071307
1072197
1073112
1074157
1075166
1076158
1077149
1078994
1079988
1080989
1081787
1082740
1083741
1084735
1085729
1086859
1087857
1088849
1089843
1090782
1091787
1092774
1093766
1094808
1095822
1096846
1097847
1098719
1099768
1100748
1102428
1103420
1104457
1105457
1106447
1107436
1108271
1109268
1110258
1111263
1112295
1113288
1114283
1115262
1116072
1117070
1118064
1119061
1120059
1121023
1122014
1123015
1124569
1125572
1126581
1127593
1128641
1129628
1130627
1131620
1132478
1133484
1134487
1135491
1136526
1137519
1138420
1139407
1140353
1141366
1142381
1143397
1144466
1145484
1146500
1148332
1149223
1150328
1151372
1152417
1153430
1154440
1155504
1156518
1157452
1158413
1159463
1160474
1161484
1162575
1163457
1164469
1165322
1166425
1167436
1168444
1169495
1170540
1172337
1173335
1174156
1175156
1176188
1177182
1178161
1179141
1180165
1181163
1182067
1183067
1184032
1185028
1186017
1187016
1188009
1189004
10287
66455
123207
173727
224232
274770
326554
377093
427624
478161
528829
579485
630166
680697
731319
781955
832609
883239
933910
984556
1035197
1085835
1136464
1187133
1237772
1288431
1339072
1389596
1440062
1467021
1467752
1468454
1469167
1469877
1470392
1471090
1471798
1472276
1472993
1473713
1474418
1475140
1477061
1477777
1478483
1478976
1479692
1480399
1481113
1481784
1482492
1483605
1484709
1485460
1486647
1487768
1488879
1489991
1491062
1492226
1493330
1494373
1495528
1496675
1497783
1498918
1500083
1501198
1503183
1504031
1505028
1506016
1507004
1508037
1509026
1510014
1511003
1511807
1512807
1513795
1514784
1515774
1516733
1517722
1518712
1519661
1520665
1521645
1522683
1523673
1524670
1526463
1527462
1528494
1529497
1530499
1531499
1532559
1533550
1534535
1535489
1536530
1537525
1538519
1539514
1540565
1541566
1542555
1543530
1544583
1545575
1546565
1547565
1548600
1550348
1551336
1552144
1553132
1554170
1555159
1556148
1557118
1558167
1559162
1559957
1560956
1561991
1562832
1563820
1564798
1565790
1566787
1567780
1568778
1569759
1570741
1572515
1573509
1574546
1575557
1576535
1577532
1578559
1579552
1580547
1581552
1582599
1583601
1584504
1585509
1586545
1587534
1588537
1589549
1590600
1591616
1592441
1593478
1594521
1596384
1597403
1598418
1599461
1600528
1601348
1602291
1603355
1604377
1605404
1606455
1607496
1608546
1609365
1610438
1611460
1612511
1613528
1614581
1615603
1616661
1617513
1618541
1620156
1621167
1622229
1623233
1624235
1625222
1626080
1627076
1628060
1629046
1630082
1631076
1632066
1633057
1634062
1635067
1636066
1636981
10245
66380
121105
171590
222239
272718
324984
375651
426284
476899
527406
577881
628310
678752
729180
779631
830083
880533
930980
981450
1005373
1006087
1006790
1007491
1008192
1008906
1009592
1009988
1010423
1011108
1011817
1012522
1013055
1013780
1014483
1015186
1015682
1016397
1017101
1017856
1018568
1019277
1019988
1021912
1022504
1023181
1023933
1024636
1025343
1026050
1026757
1027866
1028757
1029895
1031008
1032139
1033268
1034395
1035547
1036666
1037565
1038690
1039843
1040957
1042081
1043202
1044359
1045524
1047050
1047962
1048971
1050031
1051029
1052017
1053004
1054030
1055037
1055910
1056917
1057946
1058938
1059927
1060916
1061945
1062933
1063936
1064873
1065917
1066906
1067896
1068885
1070757
1071804
1072805
1073806
1074671
1075703
1076696
1077686
1078679
1079721
1080724
1081712
1082544
1083624
1084565
1085566
1086565
1087616
1088617
1089617
1090424
1091464
1092457
1094231
1095198
1096239
1097230
1098231
1099239
1100203
1101191
1102178
1103168
1104203
1105200
1106192
1107169
1108104
1109091
1110082
1111079
1112118
1113116
1114072
1115053
1116532
1117477
1118494
1119540
1120544
1121591
1122578
1123574
1124571
1125551
1126557
1127559
1128554
1129588
1130587
1131576
1132581
1133638
1134644
1135658
1136687
1137751
1138604
1140443
1141466
1142477
1143566
1144620
1145633
1146642
1147740
1148751
1149796
1150830
1151910
1152915
1153925
1154978
1155883
1156915
1157952
1158995
1160046
1161055
1162107
1163117
1164825
1165736
1166745
1167667
1168659
1169689
1170668
1171647
1172611
1173646
1174652
1175644
1176639
1177677
1178671
1179662
1180576
1181647
10340
69133
125581
176197
226701
277371
329262
379750
430211
480647
531096
581542
631848
682154
732618
783070
833525
884182
934842
985513
1036173
1086875
1137557
1166715
1167442
1168157
1168899
1169617
1170227
1170818
1171542
1172252
1172963
1173657
1174374
1175086
1175791
1176541
1177254
1177959
1178666
1179372
1180085
1181947
1182633
1183248
1183951
1184665
1185391
1186097
1186807
1187924
1189029
1190149
1191200
1192304
1193432
1194611
1195731
1196850
1197917
1199089
1200193
1201269
1202386
1203516
1204665
1205777
1207428
1208437
1209435
1210462
1211469
1212459
1213447
1214479
1215286
1216293
1217281
1218066
1219056
1220046
1221072
1222061
1222867
1223873
1224911
1225900
1226892
1227884
1228924
1230779
1231683
1232677
1233676
1234720
1235772
1236728
1237727
1238771
1239645
1240654
1241654
1242689
1243690
1244694
1245683
1246721
1247562
1248571
1249560
1250644
1251515
1252378
1254159
1254996
1256003
1256992
1257981
1259009
1259998
1260988
1261979
1263043
1264055
1265047
1266041
1267057
1268037
1269028
1269841
1270683
1271700
1272706
1273688
1274719
1276531
1277518
1278520
1279320
1280378
1281366
1282354
1283340
1284367
1285380
1286395
1287212
1288119
1289116
1290113
1291141
1292282
1293293
1294297
1295321
1296304
1297342
1298357
1300218
1301235
1302247
1303290
1304348
1305390
1306452
1307508
1308521
1309543
1310621
1311664
1312674
1313505
1314500
1315529
1316540
1317549
1318636
1319647
1320655
1321709
1322605
1324436
1325460
1326480
1327484
1328530
1329524
1330504
1331300
1332365
1333353
1334343
1335343
1336377
1337371
1338176
1339206
1340196
1341187
7831
64235
119485
169870
220209
270537
322008
372548
423059
473559
524071
574711
625378
676050
726690
777185
827601
878098
928583
979020
1029463
1079905
1130372
1143456
1144055
1144721
1145421
1146130
1146834
1147541
1148152
1148859
1149447
1150190
1150907
1151612
1152312
1153020
1153721
1154425
1155113
1155845
1156562
1158459
1159172
1159879
1160581
1161292
1161998
1162729
1163446
1164593
1165698
1166822
1167926
1169080
1170106
1171267
1172377
1173498
1174650
1175761
1176869
1177895
1178817
1179909
1181020
1182145
1184063
1185066
1186058
1187063
1187815
1188725
1189722
1190722
1191723
1192750
1193742
1194742
1195732
1196527
1197522
1198523
1199512
1200573
1201561
1202551
1203549
1204332
1205331
1207130
1208121
1209112
1210102
1211090
1212080
1212896
1213844
1214854
1215841
1216868
1217859
1218857
1219870
1220899
1221776
1222786
1223785
1224830
1225831
1226830
1227828
1228869
1230551
1231565
1232556
1233556
1234599
1235597
1236590
1237585
1238457
1239339
1240340
1241330
1242367
1243347
1244337
1245316
1246317
1247277
1248274
1249284
1250468
1251449
1253210
1254194
1255191
1256231
1257226
1258210
1259188
1260008
1260998
1261811
1262875
1263875
1264736
1265734
1266770
1267756
1268761
1269577
1270621
1271639
1272655
1273674
1274731
1276616
1277645
1278623
1279682
1280596
1281611
1282697
1283756
1284810
1285828
1286747
1287809
1288903
1289929
1290986
1292013
1293025
1294037
1294955
1295986
1297015
1298077
1299093
1300599
1301596
1302638
1303629
1304617
1305608
1306596
1307575
1308548
1309485
1310517
1311507
1312493
1313482
1314522
1315512
1316499
1317368
9863
66634
123686
174189
224714
275219
327018
377690
428315
478792
529098
579556
630195
680846
731462
781949
832417
882889
933360
983833
1034308
1078430
1079047
1079499
1080201
1080901
1081635
1082340
1083042
1083526
1084227
1084937
1085651
1086349
1087064
1087777
1088502
1089155
1089725
1090458
1091162
1091869
1092572
1094504
1095236
1095952
1096670
1097429
1098147
1098851
1099644
1100743
1101842
1102951
1104089
1105204
1106311
1107413
1108524
1109677
1110810
1111939
1113050
1114197
1115327
1116437
1117544
1118648
1120655
1121704
1122705
1123708
1124710
1125753
1126752
1127742
1128575
1129622
1130512
1131489
1132484
1133519
1134518
1135516
1136467
1137563
1138557
1139555
1140556
1141508
1142518
1144315
1145155
1146194
1147162
1148112
1149110
1150168
1151155
1152144
1153131
1154161
1155151
1156139
1157128
1158157
1159147
1160134
1161083
1162119
1163109
1164098
1165086
1166111
1167930
1168921
1169727
1170723
1171646
1172647
1173636
1174628
1175664
1176667
1177469
1178481
1179512
1180496
1181476
1182431
1183491
1184499
1185317
1186333
1187318
1188314
1190079
1191066
1191917
1192919
1193917
1194905
1195926
1196922
1197904
1198908
1199975
1200968
1201953
1202930
1203958
1204951
1205951
1206949
1207792
1208827
1209843
1210859
1211985
1213850
1214872
1215887
1216852
1217843
1218871
1219883
1220947
1222118
1223145
1224213
1225258
1226247
1227273
1228329
1229339
1230305
1231332
1232384
1233352
1234178
1235190
1236219
1237979
1238991
1240050
1241054
1242058
1243055
1243881
1244869
1245849
1246827
1247881
1248915
1249952
1250939
1251792
1252616
1253605
1254603
10221
67268
122505
172870
223191
273520
324511
374827
425142
475442
525696
576002
626315
676628
726941
777284
827596
868645
869367
870078
870784
871487
872191
872877
873589
874244
874957
875662
876390
877120
877831
878535
879292
879923
880671
881429
882141
882861
883616
884300
885012
885624
886374
888259
888982
889736
890445
891159
891845
892434
893144
894260
895416
896518
897630
898747
899937
900837
901945
903061
904222
905379
906485
907591
908710
909637
910770
911880
913695
914687
915717
916707
917698
918563
919611
920601
921596
922590
923629
924631
925624
926497
927555
928549
929549
930544
931587
932588
933589
934462
935482
937325
938329
939334
940333
941368
942360
943166
944173
944956
945968
946958
947988
948979
950004
950763
951796
952784
953771
954760
955755
956744
957734
958485
960324
961357
962313
963303
964292
965136
966126
966866
967909
968903
969897
970892
971936
972916
973906
974649
975412
976431
977430
978428
979456
980440
982216
982935
983986
984998
986008
986993
988027
989015
990006
990743
991791
992792
993778
994777
995530
996526
997537
998285
999346
1000396
1001410
1002435
1003490
1005338
1006356
1007326
1008377
1009472
1010487
1011499
1012553
1013590
1014604
1015562
1016622
1017674
1018704
1019757
1020767
1021829
1022845
1023762
1024785
1025841
1026897
1027906
1029658
1030670
1031698
1032529
1033543
1034544
1035569
1036553
1037540
1038528
1039560
1040360
1041368
1042358
1043420
1044422
1045413
1046274
9950
66099
121151
171512
221827
272249
323701
374359
424883
475163
525517
575938
626382
676804
727225
777673
828125
878548
920728
921441
922154
922860
923609
924317
925030
925794
926393
927133
927900
928609
929314
930064
930764
931410
932091
932820
933538
934247
934965
935696
936409
937119
937710
939605
940326
941031
941741
942452
943165
943872
944465
945623
946638
947749
948884
950061
951178
952285
953368
954512
955658
956748
957865
958975
960142
961249
962184
963237
965184
966171
967197
968186
969175
970206
970985
971993
972986
974020
975014
976013
977023
978057
979060
980058
981049
982079
983086
983922
984868
985910
986866
988687
989681
990552
991611
992611
993613
994603
995633
996496
997496
998319
999319
1000307
1001295
1002317
1003305
1004292
1005281
1006263
1007125
1008114
1009104
1010131
1011951
1012943
1013932
1014805
1015873
1016864
1017817
1018806
1019835
1020829
1021832
1022708
1023762
1024747
1025737
1026716
1027728
1028728
1029734
1030546
1031586
1032573
1034343
1035349
1036396
1037400
1038410
1039211
1040275
1041265
1042251
1043262
1044309
1045322
1046319
1047125
1047941
1048937
1049974
1050972
1052015
1053038
1054064
1054899
1055971
1057698
1058715
1059730
1060772
1061857
1062871
1063693
1064759
1065814
1066828
1067881
1068881
1069904
1070916
1071769
1072810
1073883
1074904
1075949
1076967
1078017
1079079
1080008
1081779
1082800
1083859
1084862
1085855
1086857
1087879
1088735
1089724
1090713
1091783
1092783
1093782
1094772
1095822
1096843
1097833
1098682
9995
68583
127399
178081
228472
279091
330162
380594
431055
481512
531950
582400
632856
683323
733783
784244
834704
885179
928309
929036
929747
930465
931169
931874
932584
933315
933779
934283
934989
935678
936390
937100
937805
938267
938974
939679
940405
941112
941840
942549
943139
943884
944594
946559
947289
948010
948717
949421
950153
950870
951628
952762
953862
954967
956119
957109
958024
959130
960283
961391
962498
963602
964716
965867
966773
967786
968910
970053
972004
972996
973987
974986
976027
976809
977759
978775
979803
980827
981820
982819
983861
984866
985858
986856
987963
988964
989965
990958
991992
993008
993996
995796
996790
997666
998667
999690
1000486
1001471
1002457
1003447
1004439
1005428
1006417
1007406
1008396
1009398
1010387
1011375
1012451
1013441
1014429
1015237
1016297
1017302
1019081
1020073
1021031
1022084
1023077
1023883
1024891
1025924
1026918
1027922
1028915
1029959
1030953
1031761
1032747
1033768
1034765
1035768
1036768
1037813
1038806
1039793
1041558
1042552
1043623
1044640
1045640
1046621
1047514
1048481
1049479
1050455
1051465
1052465
1053449
1054437
1055219
1056022
1057039
1058078
1059081
1060097
1061125
1062185
1063211
1064589
1065619
1066633
1067714
1068760
1069785
1070797
1071905
1072720
1073754
1074794
1075888
1076902
1077920
1078970
1080033
1080794
1081816
1082859
1083905
1084836
1085890
1086662
1088374
1089387
1090340
1091336
1092379
1093379
1094370
1095126
1096183
1097162
1098152
1099027
1100083
1101082
1102092
1103038
1104067
1105056
9774
68450
127344
178011
228676
279402
331645
382288
432805
483290
533729
584187
634655
685118
735575
786037
836494
886957
937440
987894
991788
992523
993289
994008
994709
995461
996167
996836
997471
998196
998902
999643
1000334
1001014
1001719
1002422
1003050
1003765
1004462
1005172
1005871
1006581
1007285
1008911
1009632
1010322
1011003
1011711
1012417
1013118
1013836
1014733
1015840
1016937
1018051
1019197
1020309
1021414
1022526
1023529
1024662
1025771
1026889
1028037
1029186
1030197
1031310
1032339
1034289
1035321
1036316
1037311
1038304
1039340
1040192
1041161
1042183
1043234
1044224
1045224
1046214
1047245
1048234
1049192
1050228
1051240
1052225
1053213
1054202
1055233
1056222
1057642
1058647
1059673
1060534
1061523
1062514
1063553
1064544
1065351
1066360
1067349
1068340
1069329
1070319
1071359
1072353
1073183
1074195
1075231
1076232
1077227
1078219
1079255
1081081
1082022
1083031
1084024
1085013
1086010
1087003
1087997
1088995
1089956
1090964
1091937
1092941
1093930
1094909
1095894
1096887
1097765
1098774
1099841
1100816
1101874
1103649
1104632
1105670
1106514
1107526
1108510
1109532
1110516
1111501
1112417
1113464
1114465
1115303
1116309
1117336
1118322
1119328
1120346
1121390
1122408
1123266
1124301
1125368
1127227
1128248
1129273
1130326
1131415
1132434
1133240
1134301
1135358
1136375
1137417
1138463
1139516
1140539
1141466
1142435
1143494
1144506
1145559
1146594
1147663
1148716
1149571
1151389
1152399
1153551
1154553
1155544
1156539
1157372
1158368
1159345
1160324
1161355
1162352
1163339
1164329
1165163
1166173
1167162
1168152
10085
68883
127728
178412
229078
279610
331763
382326
432803
483255
533705
584155
634645
685102
735544
786019
836559
887023
937487
988026
992056
992703
993422
994182
994884
995638
996339
997041
997737
998458
999171
999919
1000582
1001263
1001967
1002683
1003388
1004094
1004793
1005500
1006159
1006877
1007582
1009465
1010230
1010957
1011721
1012427
1013034
1013796
1014508
1015519
1016701
1017844
1019007
1020090
1020998
1022148
1023260
1024371
1025481
1026642
1027833
1028946
1030011
1031131
1032277
1033380
1035288
1036283
1037282
1038352
1039308
1040310
1041307
1042335
1043326
1044312
1045301
1046337
1047146
1048141
1049130
1050183
1051171
1052160
1053148
1054174
1055163
1056204
1057193
1059030
1060094
1061092
1062082
1063082
1064073
1065119
1066109
1067076
1068109
1069112
1070102
1071106
1072020
1073050
1074042
1075042
1076076
1077070
1078062
1079062
1079904
1080976
1082760
1083759
1084754
1085790
1086790
1087781
1088581
1089587
1090587
1091592
1092598
1093603
1094597
1095575
1096373
1097411
1098403
1099310
1100398
1101394
1102374
1103355
1104786
1105828
1106826
1107835
1108834
1109862
1110847
1111831
1112841
1113906
1114907
1115908
1116893
1117923
1118886
1119871
1120803
1121859
1122872
1123902
1124923
1125984
1127010
1128828
1129849
1130875
1131967
1133016
1134030
1135053
1136154
1136968
1137733
1138789
1139932
1140942
1142006
1143050
1144112
1145124
1145891
1146951
1148001
1149010
1150097
1151116
1152732
1153778
1154534
1155531
1156524
1157526
1158504
1159489
1160507
1161482
1162287
1163296
1164327
1165318
1166308
1167297
1168326
1169314
10253
67296
124011
174528
225033
275424
327278
377624
427947
478360
528798
579237
629673
680130
730565
780986
831455
881993
932444
982892
983570
984336
985042
985746
986451
987162
987878
988593
989049
989796
990508
991154
991857
992530
993255
993962
994425
995142
995849
996552
997273
997982
998699
1000694
1001386
1002145
1002849
1003557
1004270
1004974
1005683
1006788
1007762
1008865
1010011
1011000
1012111
1013221
1014374
1015480
1016309
1017435
1018581
1019695
1020802
1021916
1023033
1024223
1025560
1026563
1027574
1028601
1029601
1030595
1031593
1032460
1033264
1034265
1035264
1036332
1037340
1038337
1039352
1040385
1041142
1041947
1042943
1043974
1044964
1045950
1046961
1048814
1049880
1050748
1051744
1052733
1053721
1054708
1055698
1056689
1057685
1058559
1059559
1060583
1061571
1062560
1063548
1064577
1065563
1066473
1067463
1068506
1069500
1070500
1072273
1073251
1074288
1075194
1076193
1077184
1078274
1079284
1080285
1081287
1082228
1083065
1084023
1085011
1086035
1087024
1088027
1089036
1090085
1090921
1091922
1092753
1094581
1095566
1096566
1097573
1098613
1099481
1100514
1101507
1102532
1103534
1104548
1105549
1106586
1107574
1108581
1109581
1110581
1111628
1112630
1113613
1114631
1115567
1116601
1118416
1119380
1120437
1121480
1122569
1123549
1124611
1125677
1126697
1127716
1128802
1129902
1130923
1131943
1133032
1133956
1134975
1135999
1137041
1138105
1139116
1140179
1141191
1142741
1143830
1144830
1145825
1146817
1147849
1148837
1149851
1150675
1151657
1152645
1153643
1154633
1155623
1156597
1157583
1158389
1159412
10308
69054
127528
178178
228811
279489
331410
381852
432286
482750
533240
583705
634202
684657
735324
785965
836517
887211
937832
988470
1039119
1071721
1072463
1073167
1073871
1074569
1075276
1075984
1076694
1077405
1078126
1078834
1079546
1080238
1080889
1081604
1082311
1082998
1083714
1084429
1085180
1085890
1086597
1088549
1089310
1090011
1090746
1091490
1092205
1092923
1093677
1094784
1095891
1096785
1097948
1099068
1100225
1101331
1102436
1103585
1104692
1105664
1106791
1107837
1108951
1110060
1111166
1112249
1114223
1115139
1116148
1117137
1118127
1119165
1120154
1121144
1122085
1122931
1123940
1124932
1125954
1126949
1127939
1128938
1129939
1130754
1131647
1132647
1133677
1134668
1135660
1137506
1138501
1139537
1140375
1141407
1142269
1143318
1144309
1145298
1146288
1147341
1148147
1149155
1150181
1151209
1152196
1153197
1154186
1155216
1156024
1157033
1158022
1159013
1160849
1161841
1162730
1163759
1164754
1165764
1166753
1167783
1168774
1169766
1170760
1171772
1172729
1173711
1174700
1175722
1176726
1177597
1178606
1179656
1180607
1181610
1183215
1184201
1185254
1186260
1187264
1188259
1189055
1190072
1191080
1192093
1193147
1194166
1194978
1195979
1196783
1197791
1198792
1199876
1200872
1201885
1202744
1203802
1204634
1206501
1207519
1208532
1209617
1210663
1211695
1212644
1213530
1214552
1215566
1216607
1217688
1218700
1219710
1220764
1221585
1222610
1223500
1224542
1225594
1226607
1227664
1228676
1230445
1231512
1232531
1233494
1234496
1235526
1236509
1237498
1238361
1239399
1240394
1241386
1242375
1243419
1244323
1245314
1246120
1246981
10300
66461
125328
175991
226633
277313
329600
380242
430820
481084
531347
581624
632016
682457
732904
783337
833802
884260
934717
985172
1006840
1007576
1008280
1008989
1009691
1010398
1011136
1011852
1012581
1013301
1014009
1014753
1015461
1016146
1016891
1017594
1018240
1019023
1019726
1020441
1021200
1021752
1022460
1024393
1024987
1025705
1026422
1027167
1027877
1028589
1029304
1030410
1031221
1032336
1033508
1034628
1035750
1036861
1037973
1039125
1040098
1041233
1042350
1043526
1044639
1045748
1046854
1047953
1049948
1050987
1051975
1052963
1053952
1055001
1055990
1056991
1057906
1058950
1059966
1060956
1061948
1063153
1064145
1065145
1066135
1067165
1068176
1069165
1070156
1071187
1072167
1074016
1075009
1075848
1076895
1077896
1078890
1079881
1080913
1081909
1082914
1083927
1084984
1085977
1086979
1087972
1089006
1090007
1091001
1091838
1092750
1093764
1094769
1095773
1097634
1098718
1099750
1100737
1101733
1102763
1103753
1104743
1105732
1106761
1107767
1108577
1109577
1110556
1111536
1112515
1113566
1114564
1115561
1116375
1117399
1118395
1120160
1121145
1122145
1123119
1124128
1124963
1125868
1126892
1127878
1128875
1129876
1130920
1131910
1132922
1133764
1134800
1135803
1136810
1137822
1138905
1139933
1140973
1141910
1143779
1144839
1145866
1146919
1147966
1149019
1150080
1151151
1152087
1153151
1154192
1155238
1156248
1157297
1158351
1159361
1160373
1161465
1162508
1163527
1164744
1165796
1166847
1168601
1169620
1170644
1171639
1172633
1173626
1174491
1175510
1176488
1177435
1178459
1179485
1180486
1181478
1182479
1183510
1184512
1185455
9979
65420
119842
170304
220634
270952
321959
372322
422666
473176
523568
573849
624115
674395
724756
775174
825598
876048
887399
888177
888856
889566
890326
891050
891753
892458
892921
893636
894365
894841
895509
896257
896974
897669
898164
898884
899596
900361
901064
901772
902481
903185
903855
905747
906479
907184
907888
908590
909298
910010
910664
911818
912921
914041
915140
916295
917398
918512
919409
920563
921670
922793
923910
925030
926090
927210
928099
929231
931071
932122
933116
934116
935106
936012
936820
937827
938821
939863
940863
941853
942866
943894
944710
945717
946722
947694
948685
949709
950690
951678
952668
954089
955078
955969
956958
957957
958946
959980
960970
961883
962891
963921
964911
965910
966901
967944
968935
969848
970859
971904
972904
973891
974880
975835
977615
978421
979422
980464
981463
982495
983495
984538
985533
986341
987328
988363
989364
990346
991336
992368
993363
994157
995171
996210
997203
998196
999975
1000957
1001998
1002782
1003779
1004764
1005748
1006732
1007646
1008649
1009649
1010436
1011352
1012395
1013392
1014378
1015377
1016386
1017394
1018408
1019433
1020491
1021505
1023321
1024340
1025365
1026448
1027457
1028482
1029520
1030618
1031635
1032654
1033708
1034766
1035590
1036607
1037453
1038502
1039516
1040523
1041574
1042622
1043445
1044510
1045534
1047264
1048316
1049324
1050249
1051254
1052103
1053080
1054059
1055037
1056049
1057038
1057839
1058827
1059644
1060633
1061622
1062649
1063650
9975
68738
125430
176052
226689
277231
328721
379267
429802
480247
530678
581112
631575
682004
732654
782994
833305
883673
934110
956016
956722
957426
958128
958831
959397
960097
960670
961379
962094
962794
963498
964198
964902
965582
966162
966879
967571
968270
968976
969683
970390
971090
971764
973665
974380
975091
975801
976512
977265
977978
978628
979805
980848
981959
983081
984193
985349
986476
987444
988556
989733
990773
991885
993002
994123
995280
996400
997519
999444
1000465
1001496
1002485
1003469
1004307
1005345
1006335
1007320
1008307
1009357
1010229
1011218
1012067
1013068
1014058
1015047
1016037
1017026
1018015
1019004
1019973
1020970
1022771
1023773
1024772
1025807
1026802
1027801
1028718
1029769
1030778
1031778
1032769
1033803
1034797
1035796
1036700
1037740
1038744
1039743
1040743
1041651
1042644
1043659
1044659
1046421
1047466
1048456
1049447
1050470
1051528
1052516
1053511
1054510
1055541
1056534
1057527
1058520
1059542
1060522
1061461
1062465
1063500
1064498
1065494
1066477
1067501
1069305
1070181
1071200
1072133
1073132
1074117
1075104
1076090
1077079
1077893
1078915
1079961
1080966
1081963
1082917
1083954
1084955
1085967
1086992
1088057
1089086
1090102
1091128
1092948
1094034
1095055
1096112
1097159
1098185
1099242
1100332
1101344
1102221
1103078
1104130
1105140
1106159
1107274
1108287
1109307
1110316
1111308
1112328
1113257
1114308
1115359
1117113
1118124
1119132
1120009
1121021
1122015
1122992
1124064
1125044
1126024
1127015
1127821
1128824
1129828
1130827
1131899
1132899
1133790
10386
67122
123838
174299
224706
275088
326638
377277
427944
478603
529265
579925
630408
681070
731696
782272
832765
883300
933736
984192
1034645
1085009
1135303
1163512
1164220
1164926
1165629
1166333
1167040
1167746
1168457
1169043
1169764
1170456
1171169
1171933
1172638
1173346
1174097
1174709
1175368
1176129
1176840
1178723
1179448
1180203
1180909
1181627
1182241
1182987
1183698
1184855
1186052
1187131
1188242
1189342
1190272
1191399
1192506
1193613
1194775
1195699
1196807
1197927
1198825
1200026
1201141
1202251
1204189
1205180
1206212
1207200
1208207
1209205
1210247
1211247
1212235
1213225
1214256
1215233
1216199
1217197
1218228
1219219
1220208
1221205
1222245
1223236
1224042
1225030
1225993
1227791
1228783
1229778
1230768
1231757
1232572
1233582
1234614
1235606
1236605
1237596
1238412
1239401
1240207
1241217
1242245
1243236
1244237
1245228
1246167
1247165
1248029
1249024
1250880
1251929
1252889
1253878
1254869
1255653
1256459
1257380
1258410
1259404
1260399
1261392
1262427
1263406
1264312
1265291
1266283
1267269
1268280
1269277
1270298
1271284
1272889
1273802
1274821
1275824
1276826
1277816
1278811
1279805
1280794
1281606
1282687
1283698
1284684
1285681
1286711
1287705
1288707
1289541
1290544
1291560
1292587
1293624
1294690
1296572
1297605
1298620
1299467
1300578
1301591
1302613
1303667
1304718
1305731
1306772
1307620
1308685
1309696
1310749
1311759
1312788
1313798
1314839
1315864
1316834
1317945
1318967
1320717
1321727
1322739
1323735
1324690
1325694
1326734
1327712
1328750
1329739
1330782
1331782
1332738
1333749
1334750
1335743
1336742
1337675
10168
66324
122735
173359
223893
274330
325353
375786
426412
476963
527410
577866
628316
678752
729203
779634
830084
880536
916724
917446
918147
918848
919547
920249
920958
921506
922253
922968
923673
924380
925092
925809
926518
927133
927868
928575
929281
929993
930720
931435
932144
932778
933428
935315
936031
936742
937466
938177
938943
939632
940357
941550
942658
943770
944920
946030
947181
948215
949347
950516
951672
952785
953911
955025
956132
957099
958110
959237
961146
962149
963178
964169
965196
966185
967181
968194
969188
970177
971210
972204
973198
974192
975024
976017
977015
978003
979042
980043
981043
982040
982948
984767
985761
986752
987776
988769
989760
990751
991627
992638
993628
994627
995657
996649
997640
998638
999617
1000534
1001523
1002512
1003596
1004586
1005575
1006565
1008225
1009190
1010190
1011179
1012168
1013211
1014201
1015192
1016184
1017066
1017934
1018927
1019920
1020870
1021850
1022833
1023829
1024882
1025899
1026916
1027780
1028764
1030536
1031562
1032564
1033608
1034421
1035418
1036407
1037443
1038484
1039486
1040442
1041499
1042410
1043417
1044404
1045456
1046459
1047461
1048483
1049542
1050627
1051640
1052655
1054474
1055528
1056552
1057595
1058564
1059572
1060585
1061640
1062662
1063675
1064725
1065766
1066777
1067779
1068881
1069895
1070906
1071916
1073000
1074011
1075022
1075910
1076978
1078735
1079696
1080714
1081717
1082719
1083720
1084529
1085565
1086555
1087545
1088546
1089574
1090564
1091566
1092375
1093420
1094411
1095402
9999
66417
123138
173642
224184
274834
326522
376938
427307
477631
527951
578280
628555
678854
729204
779632
830067
880514
930951
981392
1009114
1009772
1010519
1011220
1011928
1012681
1013396
1014106
1014815
1015526
1016255
1016959
1017666
1018344
1019057
1019621
1020217
1020950
1021654
1022364
1023080
1023798
1024514
1026399
1026991
1027708
1028420
1029134
1029839
1030535
1031242
1032408
1033298
1034409
1035523
1036680
1037793
1038891
1040005
1041118
1042242
1043364
1044476
1045610
1046773
1047900
1049014
1050174
1051889
1052929
1053917
1054907
1055895
1056923
1057912
1058901
1059813
1060723
1061713
1062703
1063693
1064721
1065710
1066699
1067505
1068541
1069532
1070533
1071529
1072567
1073560
1075362
1076185
1076990
1077994
1078989
1079990
1080983
1081985
1082987
1083980
1084789
1085801
1086804
1087815
1088854
1089850
1090850
1091843
1092679
1093689
1094694
1095685
1096730
1098581
1099574
1100444
1101305
1102334
1103341
1104330
1105321
1106351
1107355
1108357
1109360
1110404
1111393
1112372
1113350
1114385
1115383
1116398
1117407
1118428
1119411
1121175
1122074
1123074
1124074
1124889
1125891
1126924
1127890
1128884
1129897
1130918
1131930
1132736
1133742
1134770
1135770
1136775
1137786
1138838
1139859
1140683
1141675
1142751
1144709
1145757
1146775
1147821
1148915
1149769
1150768
1151738
1152789
1153803
1154845
1155887
1156937
1157881
1158940
1159952
1161002
1162013
1163066
1164077
1165086
1166054
1167081
1168844
1169875
1170923
1171898
1172836
1173837
1174772
1175771
1176753
1177744
1178798
1179798
1180800
1181798
1182633
1183623
1184620
1185613
10068
66788
123723
174233
224761
275307
327122
377800
428358
478855
529302
579961
630592
681254
731882
782493
833019
883480
933929
984393
1034840
1085324
1115894
1116603
1117308
1118020
1118729
1119437
1120142
1120764
1121383
1122113
1122707
1123414
1124150
1124861
1125590
1126298
1127012
1127740
1128447
1129154
1129867
1131759
1132483
1133155
1133859
1134578
1135337
1136046
1136749
1137920
1139044
1140151
1141077
1142238
1143259
1144424
1145533
1146649
1147820
1148935
1149912
1151009
1152190
1153148
1154254
1155361
1157275
1158293
1159122
1160129
1161119
1162147
1163134
1164123
1165113
1166141
1166978
1167987
1168978
1170010
1170999
1171995
1172993
1173842
1174680
1175577
1176569
1177603
1178598
1180405
1181409
1182403
1183210
1184083
1185080
1186123
1187114
1188113
1189125
1190119
1191118
1192015
1192949
1194009
1195007
1196019
1197008
1198039
1199035
1199879
1200863
1201891
1203710
1204725
1205713
1206702
1207749
1208664
1209673
1210626
1211657
1212661
1213664
1214643
1215676
1216581
1217571
1218551
1219585
1220582
1221583
1222582
1223624
1224452
1226216
1227212
1228173
1229168
1230189
1231185
1232173
1233007
1234013
1234873
1235924
1236924
1237914
1238911
1239948
1240755
1241775
1242787
1243845
1244997
1246025
1247056
1248111
1249825
1250834
1251846
1252888
1253938
1254961
1255973
1257027
1257984
1259005
1260046
1261087
1262137
1263150
1264203
1265214
1266080
1267090
1268131
1269140
1270123
1271175
1272196
1273960
1274979
1276083
1277079
1278077
1279079
1280102
1281084
1282065
1282863
1283912
1284912
1285751
1286751
1287783
1288784
1289798
1290673
8368
64257
119137
169505
219841
270165
321160
371478
421791
472107
522420
572732
623052
673520
723932
774305
824906
875424
918205
918900
919661
920369
921080
921846
922566
923283
923743
924461
925170
925920
926636
927352
928066
928757
929233
930012
930463
931170
931939
932658
933379
934093
934580
936483
937197
937943
938654
939358
940068
940599
941068
942089
943206
944311
945417
946536
947699
948829
949924
951034
952106
953124
954238
955360
956471
957612
958522
959649
961567
962535
963565
964554
965544
966533
967340
968349
969244
970282
971273
972271
973263
974300
975104
976106
977115
978179
979181
980177
981173
982010
982816
984632
985634
986580
987624
988624
989627
990621
991620
992496
993497
994487
995515
996527
997518
998509
999565
1000540
1001358
1002219
1003207
1004194
1005192
1006248
1008065
1009056
1009872
1010879
1011919
1012910
1013919
1014910
1015941
1016935
1017745
1018757
1019788
1020781
1021760
1022741
1023775
1024773
1025587
1026604
1027636
1028626
1030390
1031375
1032334
1033337
1034157
1035162
1036231
1037231
1038228
1039233
1040291
1041297
1042109
1042949
1043976
1044963
1045965
1046967
1048028
1049068
1049958
1050967
1052019
1053875
1054906
1055904
1056947
1058030
1059001
1060033
1061088
1062137
1063152
1064163
1065205
1066264
1067088
1068160
1069174
1070224
1071235
1072285
1073226
1074269
1075118
1076147
1077908
1078928
1079978
1080982
1081982
1082982
1083810
1084795
1085775
1086756
1087797
1088798
1089796
1090661
1091519
1092526
1093467
1094469
10125
66518
125315
175984
226651
277317
329584
380175
430671
481320
531809
582474
633120
683709
734094
784385
834667
884989
935457
985924
1035469
1036194
1036901
1037656
1038367
1039087
1039833
1040551
1041092
1041861
1042550
1043274
1044019
1044747
1045498
1046043
1046625
1047343
1048136
1048867
1049675
1050374
1051100
1052973
1053533
1054234
1054886
1055617
1056338
1057053
1057768
1058869
1059933
1061040
1062151
1063264
1064467
1065578
1066688
1067799
1068777
1069950
1071069
1072224
1073348
1074508
1075426
1076595
1078045
1078963
1080013
1081006
1081998
1082998
1084030
1085026
1086024
1086885
1087937
1088970
1089978
1090982
1092013
1093049
1094043
1094873
1095858
1096893
1097885
1098877
1099941
1101688
1102679
1103487
1104502
1105494
1106483
1107485
1108520
1109532
1110504
1111311
1112332
1113325
1114316
1115308
1116180
1117171
1118162
1119050
1120086
1121079
1122071
1123064
1124878
1125896
1126898
1127812
1128763
1129830
1130824
1131826
1132859
1133883
1134889
1135895
1136708
1137750
1138774
1139767
1140763
1141823
1142824
1143831
1144789
1145837
1147588
1148586
1149667
1150655
1151695
1152678
1153550
1154586
1155572
1156572
1157616
1158617
1159603
1160642
1161492
1162478
1163481
1164495
1165498
1166584
1167601
1168618
1169445
1171301
1172371
1173390
1174448
1175497
1176514
1177539
1178552
1179582
1180488
1181534
1182580
1183651
1184664
1185763
1186698
1187703
1188718
1189802
1190825
1191880
1192935
1193982
1195502
1196526
1197513
1198481
1199488
1200589
1201565
1202411
1203386
1204366
1205402
1206428
1207459
1208445
1209439
1210313
1211319
1212312
10238
66921
123623
174141
224661
275193
326973
377396
427770
478116
528548
578991
629426
679864
730321
780755
831192
881628
932010
982451
1018077
1018800
1019506
1020280
1020982
1021697
1022391
1023103
1023691
1024444
1025151
1025854
1026658
1027355
1028056
1028771
1029360
1030082
1030796
1031523
1032241
1032923
1033630
1035516
1036129
1036860
1037576
1038293
1039004
1039752
1040467
1041450
1042561
1043664
1044783
1045892
1047056
1048226
1049386
1050578
1051551
1052621
1053724
1054839
1055946
1057096
1058239
1059344
1060865
1061876
1062711
1063701
1064690
1065679
1066709
1067699
1068570
1069483
1070530
1071530
1072523
1073549
1074590
1075581
1076575
1077379
1078448
1079449
1080449
1081446
1082485
1084340
1085343
1086148
1087180
1088212
1089205
1090215
1091215
1092276
1093293
1094265
1095277
1096312
1097303
1098304
1099294
1100355
1101346
1102275
1103272
1104266
1105269
1106259
1108042
1109035
1110037
1110951
1111954
1112986
1113975
1114962
1115962
1116996
1117990
1118798
1119812
1120827
1121808
1122798
1123680
1124737
1125739
1126610
1127603
1128608
1130463
1131428
1132433
1133444
1134496
1135446
1136459
1137448
1138478
1139483
1140487
1141499
1142537
1143355
1144257
1145286
1146330
1147333
1148344
1149374
1150443
1151270
1152326
1154082
1155100
1156166
1157188
1158233
1159247
1160300
1161356
1162371
1163392
1164475
1165463
1166474
1167485
1168537
1169569
1170580
1171536
1172624
1173648
1174571
1175624
1176462
1178297
1179322
1180333
1181335
1182379
1183374
1184354
1185158
1186183
1187168
1188159
1189158
1190191
1191201
1192192
1192996
1194005
1194961
10031
66705
122596
173101
223622
274154
325846
376237
426718
477176
527657
578132
628765
679432
730122
780763
831424
882071
932693
983333
1034010
1084589
1135075
1185520
1235972
1286424
1315017
1315705
1316421
1317119
1317825
1318504
1319219
1319956
1320525
1321242
1321995
1322700
1323412
1324157
1324866
1325576
1327261
1327968
1328686
1329398
1330151
1330863
1331581
1332337
1333055
1334092
1335226
1336355
1337474
1338587
1339703
1340865
1342002
1342978
1344127
1345248
1346391
1347496
1348612
1349756
1350857
1352021
1353974
1354967
1355957
1356942
1357971
1358883
1359872
1360678
1361667
1362658
1363648
1364685
1365677
1366680
1367625
1368493
1369503
1370495
1371496
1372528
1373524
1374517
1375479
1376929
1377980
1378974
1379965
1380957
1382000
1383001
1383999
1384872
1385923
1386925
1387931
1388927
1389960
1390955
1391954
1392823
1393748
1394748
1395749
1396740
1397731
1398722
1400533
1401521
1402556
1403554
1404542
1405531
1406570
1407560
1408550
1409543
1410589
1411520
1412532
1413511
1414526
1415506
1416499
1417502
1418539
1419428
1420428
1421409
1423206
1424239
1425248
1426257
1427267
1428106
1429049
1430044
1431039
1432091
1433104
1434078
1435074
1436105
1437018
1438023
1439030
1440083
1441087
1442102
1443118
1444177
1445219
1446793
1447823
1448859
1449971
1451015
1452040
1453053
1454148
1455042
1456053
1457092
1458174
1459225
1460236
1461290
1462337
1463345
1464363
1465403
1466449
1467457
1468491
1469501
1471295
1472301
1473322
1474328
1475319
1476350
1477331
1478312
1479302
1480323
1481328
1482318
1483309
1484341
1485339
1486337
1487323
1488158
7798
63957
122133
172771
223439
274105
326399
377078
427741
478405
529103
579740
630408
681055
731692
782355
833089
883758
934410
985048
1035638
1086119
1136580
1186970
1237262
1274983
1275710
1276423
1276840
1277551
1278262
1279017
1279738
1280183
1280941
1281661
1282374
1283118
1283830
1284551
1285325
1285951
1286673
1288545
1289205
1289913
1290621
1291366
1292075
1292717
1293442
1294544
1295666
1296782
1297851
1299004
1300148
1301084
1302199
1303353
1304461
1305567
1306673
1307783
1308957
1309865
1310985
1312104
1314061
1315095
1316086
1317075
1317889
1318696
1319690
1320679
1321713
1322714
1323681
1324671
1325751
1326555
1327563
1328416
1329462
1330478
1331480
1332471
1333512
1334319
1335331
1337140
1338106
1339145
1340136
1341103
1342095
1342931
1343932
1344922
1345924
1346955
1347945
1348783
1349809
1350702
1351695
1352708
1353707
1354706
1355694
1356683
1357711
1358625
1360410
1361411
1362400
1363431
1364422
1365413
1366399
1367348
1368349
1369137
1370130
1371179
1372183
1373164
1374153
1374983
1375994
1376997
1377998
1379043
1379941
1380925
1382700
1383502
1384522
1385523
1386545
1387581
1388576
1389477
1390465
1391307
1392324
1393344
1394337
1395366
1396364
1397359
1398361
1399207
1400151
1401179
1402200
1403254
1404278
1406092
1407119
1408145
1409242
1410287
1411298
1412338
1413432
1414445
1415455
1416503
1417594
1418604
1419547
1420600
1421650
1422662
1423675
1424680
1425748
1426757
1427743
1428763
1430517
1431568
1432580
1433333
1434336
1435230
1436228
1437217
1438205
1439232
1440125
1440930
1441928
1442957
1443958
1444964
1445953
1446983
9784
65930
124712
175385
226038
276713
328982
379626
430285
480931
531579
582219
632905
683573
734195
784856
835499
886164
936866
987529
1038190
1088851
1139480
1190101
1240587
1291042
1341522
1343645
1344223
1344944
1345660
1346368
1347087
1347784
1348555
1349027
1349781
1350527
1351223
1351928
1352705
1353409
1355308
1355807
1356490
1357194
1357895
1358601
1359305
1360017
1360762
1361765
1362891
1363999
1365140
1366244
1367375
1368497
1369270
1370030
1371130
1372247
1373365
1374523
1375630
1376742
1377860
1378866
1380823
1381817
1382818
1383818
1384876
1385878
1386876
1387681
1388740
1389744
1390742
1391733
1392765
1393757
1394759
1395775
1396824
1397817
1398819
1399925
1400955
1401957
1402947
1404431
1405430
1406461
1407451
1408442
1409432
1410464
1411465
1412417
1413434
1414460
1415451
1416442
1417433
1418473
1419464
1420383
1421332
1422333
1423327
1424317
1425318
1426312
1428091
1429091
1429898
1430924
1431914
1432913
1433917
1434958
1435958
1436955
1437765
1438811
1439827
1440729
1441752
1442784
1443798
1444796
1445654
1446710
1447693
1448675
1450475
1451470
1452520
1453519
1454516
1455508
1456532
1457517
1458502
1459504
1460548
1461422
1462367
1463374
1464360
1465349
1466350
1467350
1468353
1469368
1470303
1471327
1472302
1474122
1475141
1476160
1477249
1478304
1479239
1480292
1481316
1482340
1483364
1484414
1485458
1486509
1487401
1488475
1489488
1490551
1491580
1492668
1493693
1494739
1495607
1496638
1498397
1499198
1500242
1501233
1502224
1503215
1504204
1505083
1506068
1507086
1508076
1509065
1510053
1511084
1512003
1513018
1513930
1514969
8424
65068
123850
174509
225074
275713
327928
378591
429146
479684
530132
580470
630755
681205
731640
782084
832520
882983
933304
967839
968602
969304
970017
970785
971499
972211
972970
973595
974305
975095
975804
976532
977241
977925
978644
979253
979979
980689
981403
982128
982845
983561
984275
985847
986606
987321
988072
988788
989506
990226
990946
991920
993081
994184
995305
996425
997535
998682
999789
1000883
1001996
1003143
1004245
1005355
1006462
1007574
1008717
1009783
1011708
1012716
1013722
1014753
1015737
1016630
1017618
1018504
1019504
1020493
1021490
1022482
1023484
1024488
1025491
1026294
1027292
1028282
1029321
1030310
1031306
1032298
1033275
1034730
1035699
1036708
1037707
1038756
1039751
1040746
1041736
1042571
1043585
1044468
1045467
1046473
1047476
1048465
1049453
1050351
1051347
1052301
1053352
1054340
1055335
1056337
1058157
1059209
1060016
1061023
1062012
1063041
1064032
1064935
1065924
1066975
1067792
1068743
1069741
1070771
1071753
1072735
1073731
1074778
1075578
1076386
1077412
1078406
1080170
1081164
1082172
1083222
1084226
1085093
1085895
1086931
1087921
1088963
1089974
1090984
1091992
1092980
1093867
1094912
1095777
1096790
1097792
1098877
1099939
1100948
1101880
1103737
1104794
1105787
1106830
1107875
1108930
1109942
1110872
1111905
1112957
1113999
1115039
1116049
1117110
1118164
1118930
1119739
1120796
1121840
1122855
1123872
1124975
1125989
1127591
1128621
1129640
1130678
1131679
1132711
1133691
1134722
1135497
1136399
1137264
1138254
1139243
1140241
1141281
1142271
1143261
1144218
8198
64089
120532
171008
221437
271793
322873
373213
423514
473829
524148
574464
624784
675100
725508
775849
826259
876696
927036
930717
931469
932182
932886
933635
934345
935058
935771
936238
936952
937414
938128
938813
939565
940257
940965
941450
942156
942863
943609
944317
945065
945771
946485
947683
948355
949113
949852
950550
951294
952021
952729
953528
954631
955740
956772
957915
959021
960129
961243
962006
963172
964285
965396
966504
967667
968776
969902
970664
972622
973308
974297
975288
976287
977320
978311
979323
980343
981396
982397
983386
984380
985428
986431
987389
988328
989360
990282
991241
992241
993267
994259
995807
996817
997855
998858
999883
1000866
1001903
1002891
1003765
1004763
1005823
1006814
1007896
1008874
1009906
1010897
1011736
1012659
1013695
1014686
1015676
1016677
1017703
1019524
1020358
1021367
1022330
1023371
1024371
1025211
1026201
1027253
1028131
1029163
1030159
1031233
1032222
1033211
1034198
1035236
1036243
1037251
1038260
1039286
1040212
1041986
1042861
1043861
1044874
1045883
1046876
1047931
1048925
1049910
1050904
1051939
1052940
1053919
1054905
1055928
1056915
1057923
1058883
1059834
1060842
1061855
1062871
1063920
1065779
1066793
1067764
1068815
1069900
1070802
1071825
1072882
1073936
1074951
1075827
1076897
1077837
1078849
1079905
1080920
1081998
1083016
1083894
1084944
1085956
1087012
1088024
1089787
1090799
1091858
1092722
1093725
1094716
1095749
1096728
1097718
1098694
1099751
1100735
1101637
1102626
1103672
1104649
1105640
1106631
10231
66973
123711
174257
224766
275304
326808
377365
427895
478418
528941
579628
630296
680797
731486
782148
832806
883448
934062
984573
1035036
1085488
1135924
1186361
1236813
1267083
1267785
1268473
1269187
1269884
1270589
1271308
1271771
1272456
1273158
1273869
1274582
1275289
1276000
1276718
1277185
1277906
1278611
1280222
1280934
1281656
1282362
1283075
1283569
1284294
1284780
1285969
1287120
1288240
1289357
1290106
1290841
1291952
1293072
1294191
1295339
1296468
1297580
1298678
1299680
1300785
1301905
1303000
1304905
1305897
1306885
1307883
1308757
1309807
1310796
1311796
1312786
1313817
1314807
1315795
1316795
1317843
1318832
1319821
1320789
1321819
1322809
1323800
1324603
1325653
1326647
1328461
1329460
1330426
1331466
1332467
1333273
1334275
1335313
1336316
1337316
1338305
1339344
1340344
1341153
1342154
1343185
1344176
1345167
1346158
1347208
1348239
1349056
1350095
1351923
1352922
1353919
1354909
1355897
1356884
1357661
1358670
1359696
1360690
1361754
1362761
1363793
1364772
1365639
1366638
1367671
1368669
1369667
1370664
1371684
1372668
1374268
1375274
1376276
1377318
1378329
1379324
1380319
1381354
1382161
1383180
1384192
1385245
1386236
1387226
1388218
1389247
1390061
1391079
1392082
1393070
1394129
1395156
1396171
1398021
1398850
1399914
1400962
1402007
1403063
1404076
1405139
1406087
1406912
1407970
1409011
1410033
1411080
1412134
1413144
1414154
1415129
1416189
1417197
1418217
1419309
1420320
1422070
1423080
1424097
1425151
1426144
1427144
1428124
1429146
1430127
1431114
1432111
1433011
1434000
1435000
1435992
1437024
1438024
1439023
10229
66947
125737
176413
227067
277774
330040
380678
431309
482016
532657
583202
633681
684132
734676
785112
835585
886141
936584
987035
1037485
1087935
1109845
1110560
1111264
1111967
1112669
1113391
1114004
1114714
1115413
1116142
1116844
1117573
1118284
1118990
1119740
1120454
1121159
1121919
1122627
1123341
1124147
1126089
1126811
1127511
1128208
1128938
1129647
1130314
1131019
1132056
1133165
1134309
1135374
1136508
1137617
1138732
1139894
1141041
1142160
1143260
1144268
1145393
1146508
1147615
1148774
1149956
1151896
1152854
1153729
1154738
1155767
1156756
1157746
1158775
1159841
1160856
1161727
1162720
1163746
1164739
1165726
1166587
1167625
1168475
1169478
1170481
1171471
1172500
1173502
1175317
1176358
1177165
1178169
1179168
1180212
1181206
1182155
1183186
1184133
1185124
1186114
1187104
1188135
1189125
1190115
1191104
1192003
1193009
1193999
1194993
1196034
1197039
1198817
1199854
1200799
1201803
1202778
1203767
1204757
1205787
1206776
1207768
1208721
1209787
1210780
1211759
1212738
1213769
1214763
1215676
1216521
1217578
1218414
1219395
1221160
1222184
1223193
1224202
1225057
1226100
1227090
1228080
1229074
1230121
1231125
1232136
1232939
1233981
1234981
1235843
1236888
1237951
1238957
1239981
1240966
1242047
1243024
1244841
1245860
1246886
1247998
1249055
1250068
1251080
1252168
1253179
1254201
1255242
1256320
1257331
1258233
1259305
1260349
1261361
1262372
1263412
1264421
1265429
1266487
1267518
1269269
1270313
1271323
1272318
1273319
1274331
1275320
1276320
1277309
1278334
1279329
1280321
1281313
1282352
1283165
1284041
1285066
1286102
10245
66404
125179
175685
226334
276978
329270
379668
429997
480316
530735
581169
631614
682060
732538
783188
833663
884090
934512
984951
1014014
1014724
1015427
1016129
1016847
1017563
1018277
1018993
1019448
1020158
1020869
1021579
1022286
1022972
1023682
1024215
1024875
1025589
1026292
1027002
1027715
1028425
1029143
1031074
1031667
1032412
1033130
1033845
1034576
1035270
1035979
1037091
1038205
1039319
1040487
1041608
1042719
1043791
1044957
1046075
1047146
1048187
1049290
1050478
1051588
1052697
1053805
1054950
1056803
1057802
1058790
1059777
1060856
1061847
1062835
1063824
1064655
1065654
1066593
1067444
1068191
1069180
1070170
1071024
1071797
1072806
1073798
1074835
1075829
1076820
1077815
1079694
1080504
1081501
1082494
1083309
1084352
1085343
1086337
1087311
1088280
1089283
1090281
1091277
1092307
1093328
1094342
1095326
1096388
1097389
1098379
1099364
1100528
1101518
1103294
1104284
1105269
1106293
1107293
1108293
1109283
1110313
1111303
1112256
1113263
1114299
1115293
1116272
1117268
1118206
1119156
1119978
1121037
1122044
1123034
1124024
1125857
1126904
1127914
1128738
1129757
1130806
1131801
1132789
1133778
1134824
1135835
1136651
1137645
1138684
1139673
1140670
1141682
1142736
1143739
1144578
1145614
1146485
1147501
1149321
1150373
1151387
1152471
1153321
1154343
1155355
1156275
1157290
1158303
1159342
1160447
1161242
1162272
1163323
1164370
1165382
1166392
1167441
1168492
1169397
1170455
1171480
1173266
1174326
1175339
1176340
1177304
1178196
1179197
1180176
1181156
1182144
1183146
1184149
1185142
1185948
1186976
1187962
1189000
1189992
9480
66199
124726
175407
226025
276669
328923
379492
430013
480459
531079
581551
632035
682498
733173
783850
834514
885179
935828
986476
1037175
1087861
1138511
1189179
1239818
1258515
1259220
1259889
1260594
1261304
1262009
1262714
1263425
1263886
1264606
1265314
1266021
1266721
1267433
1268138
1268899
1269372
1270087
1272020
1272730
1273444
1274159
1274905
1275626
1276107
1276560
1277663
1278777
1279901
1281059
1282167
1283269
1283972
1285135
1286250
1287357
1288485
1289642
1290750
1291875
1292790
1293830
1294983
1296930
1297922
1298910
1299943
1300974
1301962
1302916
1303790
1304788
1305777
1306766
1307755
1308746
1309736
1310659
1311646
1312644
1313609
1314620
1315656
1316646
1317636
1318625
1320369
1321423
1322414
1323413
1324412
1325442
1326434
1327425
1328375
1329313
1330321
1331313
1332324
1333363
1334349
1335341
1336339
1337178
1338189
1339188
1340188
1341237
1342239
1343849
1344841
1345685
1346598
1347605
1348596
1349660
1350640
1351627
1352618
1353651
1354646
1355658
1356633
1357649
1358630
1359622
1360628
1361667
1362628
1363510
1364501
1366300
1367328
1368327
1369326
1370328
1371365
1372320
1373324
1374313
1375369
1376373
1377378
1378370
1379399
1380328
1381161
1382182
1383229
1384238
1385259
1386275
1387341
1388366
1389868
1390928
1391950
1393043
1394099
1395123
1396136
1397241
1398173
1399207
1400283
1401340
1402350
1403359
1404412
1405243
1406065
1407085
1408125
1409209
1410218
1411269
1412291
1414111
1415081
1416098
1417091
1418082
1419140
1420119
1421096
1422083
1423021
1424029
1425022
1425988
1427028
1428019
1429012
1430004
1430810
7507
63661
118711
169191
219671
270131
321772
372260
422746
473233
523869
574520
625201
675641
726294
776924
827467
877928
928368
978798
1029252
1079681
1120977
1121675
1122390
1123097
1123805
1124513
1125260
1125865
1126326
1127047
1127757
1128452
1129199
1129911
1130625
1131366
1131847
1132554
1133305
1134034
1134748
1136686
1137453
1138157
1138844
1139614
1140325
1140990
1141737
1142858
1143985
1145090
1145985
1147140
1148254
1149368
1150511
1151666
1152785
1153889
1154995
1156164
1157310
1158420
1159528
1160634
1162575
1163604
1164441
1165449
1166439
1167488
1168490
1169478
1170468
1171501
1172380
1173388
1174377
1175421
1176418
1177419
1178403
1179406
1180405
1181403
1182398
1183430
1184416
1186213
1187206
1188011
1189030
1190023
1191017
1192041
1192928
1193929
1194913
1195746
1196763
1197754
1198737
1199810
1200713
1201694
1202685
1203527
1204429
1205440
1206429
1207456
1209270
1210262
1211252
1212253
1213261
1214272
1215261
1216251
1217323
1218317
1219321
1220327
1221363
1222363
1223352
1224339
1225373
1226372
1227372
1228378
1229199
1230201
1231979
1232966
1234011
1234873
1235873
1236862
1237692
1238696
1239691
1240702
1241629
1242637
1243635
1244632
1245463
1246460
1247461
1248477
1249523
1250573
1251468
1252483
1253325
1255149
1256167
1257180
1258232
1259319
1260333
1261345
1262201
1263259
1264274
1265324
1266365
1267418
1268429
1269377
1270169
1271235
1272248
1273298
1274447
1275497
1276552
1277570
1279241
1280264
1281325
1282328
1283325
1284329
1285359
1286340
1287246
1288148
1289156
1290189
1291189
1292180
1293259
1294249
1295235
1296043
10260
66430
125091
175718
226353
276989
329255
379882
430334
480789
531255
581737
632187
682841
733207
783542
833972
884423
934874
939860
940518
941244
941946
942664
943387
944093
944804
945508
946216
946935
947641
948348
949050
949817
950519
951223
951854
952560
953212
953960
954686
955392
956136
958077
958664
959371
960125
960832
961536
962255
962962
963839
964727
965894
966996
968103
969211
970357
971470
972579
973515
974681
975828
976948
978066
979176
980340
981458
983102
984056
985055
986085
987077
988078
989001
990030
990868
991876
992880
993911
994957
995950
996949
997994
998908
999953
1000942
1001967
1002981
1003971
1004969
1006737
1007547
1008555
1009545
1010536
1011525
1012514
1013517
1014546
1015539
1016550
1017542
1018532
1019522
1020513
1021515
1022562
1023406
1024320
1025330
1026361
1027355
1028350
1030149
1031150
1032183
1033070
1034099
1035098
1036146
1037141
1038133
1039136
1040170
1041192
1042101
1043115
1044130
1045112
1046106
1047116
1048164
1049163
1050188
1051179
1052971
1054003
1055080
1056080
1057077
1058103
1059089
1060081
1061064
1062114
1063115
1064115
1065099
1066037
1066875
1067877
1068878
1069920
1070923
1071939
1072953
1074019
1074856
1076653
1077671
1078688
1079783
1080839
1081855
1082877
1083760
1084785
1085809
1086734
1087786
1088807
1089821
1090878
1091941
1092971
1093990
1095033
1096166
1097176
1098244
1099254
1101064
1102113
1103123
1104115
1105107
1106130
1107106
1108093
1108923
1109963
1110952
1111952
1112940
1113966
1114914
1115902
1116813
1117861
10145
68942
127747
178454
229103
279777
331993
382653
433238
483657
534026
584535
635009
685461
735911
786374
836834
887291
937650
987917
1038306
1063130
1063859
1064258
1064960
1065672
1066380
1067104
1067820
1068391
1069111
1069817
1070534
1071222
1071815
1072525
1073240
1073809
1074532
1075237
1075951
1076662
1077382
1079316
1080051
1080622
1081351
1082066
1082775
1083486
1084195
1085035
1086158
1087054
1088167
1089159
1090285
1091397
1092587
1093699
1094795
1095730
1096887
1098009
1099117
1100270
1101376
1102519
1104474
1105287
1106205
1107161
1108180
1109172
1110162
1111191
1112173
1113164
1114156
1114989
1116005
1116996
1117985
1119014
1120004
1120995
1121993
1122831
1123844
1124834
1125834
1127651
1128678
1129679
1130679
1131484
1132554
1133549
1134547
1135548
1136579
1137578
1138576
1139415
1140440
1141433
1142433
1143435
1144465
1145441
1146430
1147378
1148348
1149398
1151206
1152196
1153254
1154244
1155242
1156241
1157125
1158037
1158951
1159962
1160994
1161989
1162982
1163960
1164980
1165961
1166770
1167767
1168800
1169798
1170791
1171781
1173593
1174620
1175442
1176324
1177288
1178274
1179269
1180263
1181253
1182278
1183289
1184134
1185196
1186189
1187179
1188130
1189184
1190193
1191209
1192035
1193112
1194144
1195162
1197006
1197986
1199049
1200129
1200980
1201993
1203045
1204100
1205093
1206106
1207186
1208229
1209120
1210032
1211124
1212135
1213146
1214156
1215249
1216260
1217161
1218176
1219227
1221064
1222119
1223130
1224133
1225173
1225983
1226980
1227765
1228812
1229802
1230794
1231786
1232827
1233664
1234674
1235675
1236711
1237711
7722
63986
122485
173119
223733
274313
326151
376682
427223
477759
528296
578933
629589
680265
730942
781620
832265
882947
933587
984264
1034929
1085544
1136032
1186655
1237288
1280917
1281632
1282348
1282893
1283612
1284327
1285038
1285777
1286309
1287021
1287779
1288333
1289047
1289829
1290556
1291249
1292013
1292715
1294621
1295177
1295967
1296641
1297358
1298126
1298834
1299537
1300676
1301506
1302615
1303684
1304791
1305936
1306941
1308049
1309158
1310045
1311156
1312265
1313384
1314549
1315656
1316783
1317901
1319824
1320817
1321846
1322839
1323832
1324822
1325854
1326855
1327765
1328773
1329812
1330811
1331810
1332809
1333847
1334846
1335845
1336846
1337875
1338832
1339832
1340824
1341856
1343702
1344703
1345735
1346735
1347651
1348642
1349632
1350685
1351535
1352532
1353517
1354561
1355543
1356540
1357427
1358461
1359460
1360458
1361447
1362477
1363467
1364456
1365300
1367136
1368053
1369043
1370032
1371022
1372054
1372889
1373729
1374738
1375785
1376806
1377801
1378796
1379817
1380798
1381629
1382646
1383651
1384651
1385651
1386636
1387594
1389393
1390257
1391277
1392315
1393315
1394323
1395319
1396347
1397315
1398338
1399344
1400408
1401390
1402375
1403387
1404433
1405402
1406406
1407394
1408449
1409466
1410482
1411496
1413351
1414243
1415277
1416319
1417390
1418480
1419492
1420431
1421461
1422523
1423574
1424625
1425636
1426649
1427742
1428646
1429634
1430692
1431783
1432804
1433823
1434880
1435936
1437387
1438418
1439250
1440289
1441292
1442293
1443272
1444290
1445101
1446100
1447101
1448130
1449120
1450041
1451037
1451887
1452883
1453871
10285
67025
123747
174266
224789
275275
327061
377588
428081
478515
529099
579561
629996
680572
731018
781450
831888
882323
932769
983219
1033669
1081956
1082705
1083412
1084137
1084900
1085608
1086316
1087019
1087503
1088216
1088967
1089671
1090389
1091101
1091824
1092546
1093231
1093971
1094681
1095396
1096106
1096809
1098695
1099428
1100084
1100812
1101520
1102224
1102938
1103638
1104837
1105948
1106959
1108085
1109242
1110363
1111484
1112588
1113694
1114892
1115788
1116913
1118030
1119125
1120241
1121361
1122481
1124397
1125209
1126217
1127210
1128202
1129241
1130240
1131203
1132202
1133035
1134044
1135037
1136037
1137079
1138070
1139069
1140061
1140893
1141771
1142761
1143757
1144797
1145797
1147593
1148584
1149383
1150419
1151407
1152407
1153408
1154351
1155340
1156337
1157223
1158232
1159221
1160210
1161239
1162238
1163242
1164232
1165277
1166285
1167275
1168264
1169294
1171113
1172086
1173085
1173891
1174933
1175925
1176917
1177912
1178946
1179950
1180953
1181762
1182663
1183652
1184640
1185629
1186672
1187680
1188625
1189449
1190447
1191431
1193202
1194199
1195239
1196251
1197262
1198170
1199216
1200239
1201233
1202256
1203235
1204234
1205229
1206039
1206940
1207944
1208945
1209947
1211000
1212018
1213034
1214013
1215085
1216965
1217983
1218997
1220040
1221127
1222144
1223166
1224246
1225318
1226337
1227377
1228422
1229443
1230505
1231563
1232385
1233335
1234346
1235401
1236414
1237444
1238537
1239550
1240937
1241967
1243039
1244043
1245044
1246046
1247086
1248072
1248868
1249892
1250912
1251900
1252888
1253885
1254915
1255912
1256717
1257724
7795
64121
122206
172842
223478
274179
325992
376531
427072
477608
527963
578242
628526
678946
729373
779800
830246
880689
894313
894941
895517
896223
896921
897628
898332
899035
899834
900439
901148
901902
902589
903298
904050
904744
905450
906049
906780
907482
908229
908937
909647
910351
911001
912675
913413
914157
914863
915568
916278
916986
917698
918806
919944
921056
921977
923088
924233
925025
926150
927283
928433
929549
930639
931760
932872
933872
935027
936148
938064
939096
940126
941121
941940
942969
944016
945008
945997
946994
948025
949028
949942
950933
951962
953012
954002
954991
956022
956934
957932
958930
959962
961806
962689
963679
964593
965399
966398
967407
968437
969427
970416
971407
972442
973283
974290
975281
976315
977314
978305
979301
980332
981172
982181
983162
984990
986035
987026
988017
989008
989966
990989
991980
992971
994080
995076
996082
997087
998012
999014
1000044
1001047
1002080
1003080
1004077
1004972
1006003
1007831
1008816
1009824
1010824
1011862
1012847
1013846
1014938
1015978
1016981
1017999
1019007
1020040
1021039
1022033
1023020
1023984
1024986
1025983
1026842
1027907
1028931
1029948
1031773
1032798
1033862
1034917
1035823
1036858
1037920
1038996
1040018
1041042
1042125
1043180
1044200
1045028
1046078
1047089
1048120
1049131
1050268
1051276
1052301
1053268
1054327
1056120
1057141
1058151
1059143
1060175
1061164
1062030
1063027
1064041
1065020
1066080
1067069
1068095
1069085
1070084
1071070
1072100
1073102
