Frame 0
plane0 887.56494 100.0 5.0
plane1 897.56494 100.0 5.0
plane2 907.56494 100.0 5.0
plane40 598.9616 100.0 5.0
plane41 608.9616 100.0 5.0
plane42 618.9616 100.0 5.0
End
Frame 1
plane0 851.033 100.0 5.0
plane1 861.033 100.0 5.0
plane2 871.033 100.0 5.0
plane40 691.7702 100.0 5.0
plane41 701.7702 100.0 5.0
plane42 711.7702 100.0 5.0
End
Frame 2
plane0 792.67554 100.0 5.0
plane1 802.67554 100.0 5.0
plane2 812.67554 100.0 5.0
plane40 772.6555 100.0 5.0
plane41 782.6555 100.0 5.0
plane42 792.6555 100.0 5.0
End
Frame 3
plane0 716.1209 100.0 5.0
plane1 726.1209 100.0 5.0
plane2 736.1209 100.0 5.0
plane40 836.5884 100.0 5.0
plane41 846.5884 100.0 5.0
plane42 856.5884 100.0 5.0
End
Frame 4
plane0 626.12897 100.0 5.0
plane1 636.12897 100.0 5.0
plane2 646.12897 100.0 5.0
plane40 879.5939 100.0 5.0
plane41 889.5939 100.0 5.0
plane42 899.5939 100.0 5.0
End
Frame 5
plane0 528.29486 100.0 5.0
plane1 538.29486 100.0 5.0
plane2 548.29486 100.0 5.0
plane40 898.998 100.0 5.0
plane41 908.998 100.0 5.0
plane42 918.998 100.0 5.0
End
Frame 6
plane0 428.70157 100.0 5.0
plane1 438.70157 100.0 5.0
plane2 448.70157 100.0 5.0
plane40 893.59436 100.0 5.0
plane41 903.59436 100.0 5.0
plane42 913.59436 100.0 5.0
End
Frame 7
plane0 333.54126 100.0 5.0
plane1 343.54126 100.0 5.0
plane2 353.54126 100.0 5.0
plane40 863.719 100.0 5.0
plane41 873.719 100.0 5.0
plane42 883.719 100.0 5.0
End
Frame 8
plane0 248.73055 100.0 5.0
plane1 258.73056 100.0 5.0
plane2 268.73056 100.0 5.0
plane40 811.2293 100.0 5.0
plane41 821.2293 100.0 5.0
plane42 831.2293 100.0 5.0
End
Frame 9
plane0 179.54256 100.0 5.0
plane1 189.54256 100.0 5.0
plane2 199.54256 100.0 5.0
plane40 739.38885 100.0 5.0
plane41 749.38885 100.0 5.0
plane42 759.38885 100.0 5.0
End
Frame 10
plane0 130.27905 100.0 5.0
plane1 140.27905 100.0 5.0
plane2 150.27905 100.0 5.0
plane40 652.66437 100.0 5.0
plane41 662.66437 100.0 5.0
plane42 672.66437 100.0 5.0
End
Frame 11
plane0 104.003 100.0 5.0
plane1 114.003 100.0 5.0
plane2 124.003 100.0 5.0
plane40 556.448 100.0 5.0
plane41 566.448 100.0 5.0
plane42 576.448 100.0 5.0
End
Frame 12
plane0 102.34813 100.0 5.0
plane1 112.34813 100.0 5.0
plane2 122.34813 100.0 5.0
plane40 456.72195 100.0 5.0
plane41 466.72195 100.0 5.0
plane42 476.72195 100.0 5.0
End
Frame 13
plane0 125.41733 100.0 5.0
plane1 135.41733 100.0 5.0
plane2 145.41733 100.0 5.0
plane40 359.6867 100.0 5.0
plane41 369.6867 100.0 5.0
plane42 379.6867 100.0 5.0
End
Frame 14
plane0 171.77626 100.0 5.0
plane1 181.77626 100.0 5.0
plane2 191.77626 100.0 5.0
plane40 271.37546 100.0 5.0
plane41 281.37546 100.0 5.0
plane42 291.37546 100.0 5.0
End
Frame 15
plane0 238.54256 100.0 5.0
plane1 248.54256 100.0 5.0
plane2 258.54254 100.0 5.0
plane40 197.279 100.0 5.0
plane41 207.279 100.0 5.0
plane42 217.279 100.0 5.0
End
Frame 16
plane0 321.565 100.0 5.0
plane1 331.565 100.0 5.0
plane2 341.565 100.0 5.0
plane40 142.00426 100.0 5.0
plane41 152.00426 100.0 5.0
plane42 162.00426 100.0 5.0
End
Frame 17
plane0 415.68167 100.0 5.0
plane1 425.68167 100.0 5.0
plane2 435.68167 100.0 5.0
plane40 108.98795 100.0 5.0
plane41 118.98795 100.0 5.0
plane42 128.98795 100.0 5.0
End
Frame 18
plane0 515.04083 100.0 5.0
plane1 525.04083 100.0 5.0
plane2 535.04083 100.0 5.0
plane40 100.28288 100.0 5.0
plane41 110.28288 100.0 5.0
plane42 120.28288 100.0 5.0
End
Frame 19
plane0 613.46484 100.0 5.0
plane1 623.46484 100.0 5.0
plane2 633.46484 100.0 5.0
plane40 116.43029 100.0 5.0
plane41 126.43029 100.0 5.0
plane42 136.43028 100.0 5.0
End
Frame 20
plane0 704.83417 100.0 5.0
plane1 714.83417 100.0 5.0
plane2 724.83417 100.0 5.0
plane40 156.42621 100.0 5.0
plane41 166.42621 100.0 5.0
plane42 176.42621 100.0 5.0
End
Frame 21
plane0 783.4679 100.0 5.0
plane1 793.4679 100.0 5.0
plane2 803.4679 100.0 5.0
plane40 217.78387 100.0 5.0
plane41 227.78387 100.0 5.0
plane42 237.78387 100.0 5.0
End
Frame 22
plane0 844.477 100.0 5.0
plane1 854.477 100.0 5.0
plane2 864.477 100.0 5.0
plane40 296.68835 100.0 5.0
plane41 306.68835 100.0 5.0
plane42 316.68835 100.0 5.0
End
Frame 23
plane0 884.0681 100.0 5.0
plane1 894.0681 100.0 5.0
plane2 904.0681 100.0 5.0
plane40 388.2338 100.0 5.0
plane41 398.2338 100.0 5.0
plane42 408.2338 100.0 5.0
End
Frame 24
plane0 899.7798 100.0 5.0
plane1 909.7798 100.0 5.0
plane2 919.7798 100.0 5.0
plane40 486.7283 100.0 5.0
plane41 496.7283 100.0 5.0
plane42 506.7283 100.0 5.0
End
Frame 25
plane0 890.6351 100.0 5.0
plane1 900.6351 100.0 5.0
plane2 910.6351 100.0 5.0
plane40 586.048 100.0 5.0
plane41 596.048 100.0 5.0
plane42 606.048 100.0 5.0
End
Frame 26
plane0 857.2025 100.0 5.0
plane1 867.2025 100.0 5.0
plane2 877.2025 100.0 5.0
plane40 680.01764 100.0 5.0
plane41 690.01764 100.0 5.0
plane42 700.01764 100.0 5.0
End
Frame 27
plane0 801.5609 100.0 5.0
plane1 811.5609 100.0 5.0
plane2 821.5609 100.0 5.0
plane40 762.7946 100.0 5.0
plane41 772.7946 100.0 5.0
plane42 782.7946 100.0 5.0
End
Frame 28
plane0 727.1697 100.0 5.0
plane1 737.1697 100.0 5.0
plane2 747.1697 100.0 5.0
plane40 829.23236 100.0 5.0
plane41 839.23236 100.0 5.0
plane42 849.23236 100.0 5.0
End
Frame 29
plane0 638.6541 100.0 5.0
plane1 648.6541 100.0 5.0
plane2 658.6541 100.0 5.0
plane40 875.2 100.0 5.0
plane41 885.2 100.0 5.0
plane42 895.2 100.0 5.0
End
Frame 30
plane0 541.51776 100.0 5.0
plane1 551.51776 100.0 5.0
plane2 561.51776 100.0 5.0
plane40 897.83954 100.0 5.0
plane41 907.83954 100.0 5.0
plane42 917.83954 100.0 5.0
End
Frame 31
plane0 441.8 100.0 5.0
plane1 451.8 100.0 5.0
plane2 461.8 100.0 5.0
plane40 895.7433 100.0 5.0
plane41 905.7433 100.0 5.0
plane42 915.7433 100.0 5.0
End
Frame 32
plane0 345.70084 100.0 5.0
plane1 355.70084 100.0 5.0
plane2 365.70084 100.0 5.0
plane40 869.0417 100.0 5.0
plane41 879.0417 100.0 5.0
plane42 889.0417 100.0 5.0
End
Frame 33
plane0 259.19525 100.0 5.0
plane1 269.19525 100.0 5.0
plane2 279.19525 100.0 5.0
plane40 819.39484 100.0 5.0
plane41 829.39484 100.0 5.0
plane42 839.39484 100.0 5.0
End
Frame 34
plane0 187.66173 100.0 5.0
plane1 197.66173 100.0 5.0
plane2 207.66173 100.0 5.0
plane40 749.8896 100.0 5.0
plane41 759.8896 100.0 5.0
plane42 769.8896 100.0 5.0
End
Frame 35
plane0 135.5479 100.0 5.0
plane1 145.5479 100.0 5.0
plane2 155.5479 100.0 5.0
plane40 664.8474 100.0 5.0
plane41 674.8474 100.0 5.0
plane42 684.8474 100.0 5.0
End
Frame 36
plane0 106.09393 100.0 5.0
plane1 116.09393 100.0 5.0
plane2 126.09393 100.0 5.0
plane40 569.5558 100.0 5.0
plane41 579.5558 100.0 5.0
plane42 589.5558 100.0 5.0
End
Frame 37
plane0 101.131134 100.0 5.0
plane1 111.131134 100.0 5.0
plane2 121.131134 100.0 5.0
plane40 469.93954 100.0 5.0
plane41 479.93954 100.0 5.0
plane42 489.93954 100.0 5.0
End
Frame 38
plane0 120.96808 100.0 5.0
plane1 130.96808 100.0 5.0
plane2 140.96808 100.0 5.0
plane40 372.19232 100.0 5.0
plane41 382.19232 100.0 5.0
plane42 392.19232 100.0 5.0
End
Frame 39
plane0 164.37138 100.0 5.0
plane1 174.37138 100.0 5.0
plane2 184.37138 100.0 5.0
plane40 282.39154 100.0 5.0
plane41 292.39154 100.0 5.0
plane42 302.39154 100.0 5.0
End
Frame 40
plane0 228.64246 100.0 5.0
plane1 238.64246 100.0 5.0
plane2 248.64246 100.0 5.0
plane40 206.12062 100.0 5.0
plane41 216.12062 100.0 5.0
plane42 226.12062 100.0 5.0
End
Frame 41
plane0 309.78522 100.0 5.0
plane1 319.78522 100.0 5.0
plane2 329.78522 100.0 5.0
plane40 148.12169 100.0 5.0
plane41 158.12169 100.0 5.0
plane42 168.12169 100.0 5.0
End
Frame 42
plane0 402.75464 100.0 5.0
plane1 412.75464 100.0 5.0
plane2 422.75464 100.0 5.0
plane40 112.000854 100.0 5.0
plane41 122.000854 100.0 5.0
plane42 132.00085 100.0 5.0
End
Frame 43
plane0 501.7703 100.0 5.0
plane1 511.7703 100.0 5.0
plane2 521.77026 100.0 5.0
plane40 100.003914 100.0 5.0
plane41 110.003914 100.0 5.0
plane42 120.003914 100.0 5.0
End
Frame 44
plane0 600.67584 100.0 5.0
plane1 610.67584 100.0 5.0
plane2 620.67584 100.0 5.0
plane40 112.8768 100.0 5.0
plane41 122.8768 100.0 5.0
plane42 132.8768 100.0 5.0
End
Frame 45
plane0 693.3219 100.0 5.0
plane1 703.3219 100.0 5.0
plane2 713.3219 100.0 5.0
plane40 149.81914 100.0 5.0
plane41 159.81914 100.0 5.0
plane42 169.81914 100.0 5.0
End
Frame 46
plane0 773.9481 100.0 5.0
plane1 783.9481 100.0 5.0
plane2 793.9481 100.0 5.0
plane40 208.53401 100.0 5.0
plane41 218.53401 100.0 5.0
plane42 228.53401 100.0 5.0
End
Frame 47
plane0 837.54156 100.0 5.0
plane1 847.54156 100.0 5.0
plane2 857.54156 100.0 5.0
plane40 285.37082 100.0 5.0
plane41 295.37082 100.0 5.0
plane42 305.37082 100.0 5.0
End
Frame 48
plane0 880.1483 100.0 5.0
plane1 890.1483 100.0 5.0
plane2 900.1483 100.0 5.0
plane40 375.55225 100.0 5.0
plane41 385.55225 100.0 5.0
plane42 395.55225 100.0 5.0
End
Frame 49
plane0 899.1193 100.0 5.0
plane1 909.1193 100.0 5.0
plane2 919.1193 100.0 5.0
plane40 473.47125 100.0 5.0
plane41 483.47125 100.0 5.0
plane42 493.47125 100.0 5.0
End
Frame 50
plane0 893.27496 100.0 5.0
plane1 903.27496 100.0 5.0
plane2 913.27496 100.0 5.0
plane40 573.0397 100.0 5.0
plane41 583.0397 100.0 5.0
plane42 593.0397 100.0 5.0
End
Frame 51
plane0 862.9787 100.0 5.0
plane1 872.9787 100.0 5.0
plane2 882.9787 100.0 5.0
plane40 668.06683 100.0 5.0
plane41 678.06683 100.0 5.0
plane42 688.06683 100.0 5.0
End
Frame 52
plane0 810.1142 100.0 5.0
plane1 820.1142 100.0 5.0
plane2 830.1142 100.0 5.0
plane40 752.6444 100.0 5.0
plane41 762.6444 100.0 5.0
plane42 772.6444 100.0 5.0
End
Frame 53
plane0 737.96826 100.0 5.0
plane1 747.96826 100.0 5.0
plane2 757.96826 100.0 5.0
plane40 821.5138 100.0 5.0
plane41 831.5138 100.0 5.0
plane42 841.5138 100.0 5.0
End
Frame 54
plane0 651.0266 100.0 5.0
plane1 661.0266 100.0 5.0
plane2 671.0266 100.0 5.0
plane40 870.393 100.0 5.0
plane41 880.393 100.0 5.0
plane42 890.393 100.0 5.0
End
Frame 55
plane0 554.6949 100.0 5.0
plane1 564.6949 100.0 5.0
plane2 574.6949 100.0 5.0
plane40 896.2429 100.0 5.0
plane41 906.2429 100.0 5.0
plane42 916.2429 100.0 5.0
End
Frame 56
plane0 454.9625 100.0 5.0
plane1 464.9625 100.0 5.0
plane2 474.9625 100.0 5.0
plane40 897.4564 100.0 5.0
plane41 907.4564 100.0 5.0
plane42 917.4564 100.0 5.0
End
Frame 57
plane0 358.0303 100.0 5.0
plane1 368.0303 100.0 5.0
plane2 378.0303 100.0 5.0
plane40 873.958 100.0 5.0
plane41 883.958 100.0 5.0
plane42 893.958 100.0 5.0
End
Frame 58
plane0 269.92508 100.0 5.0
plane1 279.92508 100.0 5.0
plane2 289.92508 100.0 5.0
plane40 827.2087 100.0 5.0
plane41 837.2087 100.0 5.0
plane42 847.2087 100.0 5.0
End
Frame 59
plane0 196.12483 100.0 5.0
plane1 206.12483 100.0 5.0
plane2 216.12483 100.0 5.0
plane40 760.1151 100.0 5.0
plane41 770.1151 100.0 5.0
plane42 780.1151 100.0 5.0
End
Frame 60
plane0 141.21806 100.0 5.0
plane1 151.21806 100.0 5.0
plane2 161.21806 100.0 5.0
plane40 676.8489 100.0 5.0
plane41 686.8489 100.0 5.0
plane42 696.8489 100.0 5.0
End
Frame 61
plane0 108.618614 100.0 5.0
plane1 118.618614 100.0 5.0
plane2 128.61862 100.0 5.0
plane40 582.587 100.0 5.0
plane41 592.587 100.0 5.0
plane42 602.587 100.0 5.0
End
Frame 62
plane0 100.35336 100.0 5.0
plane1 110.35336 100.0 5.0
plane2 120.35336 100.0 5.0
plane40 483.19025 100.0 5.0
plane41 493.19025 100.0 5.0
plane42 503.19025 100.0 5.0
End
Frame 63
plane0 116.93621 100.0 5.0
plane1 126.93621 100.0 5.0
plane2 136.9362 100.0 5.0
plane40 384.83868 100.0 5.0
plane41 394.83868 100.0 5.0
plane42 404.83868 100.0 5.0
End
Frame 64
plane0 157.3361 100.0 5.0
plane1 167.3361 100.0 5.0
plane2 177.3361 100.0 5.0
plane40 293.64725 100.0 5.0
plane41 303.64725 100.0 5.0
plane42 313.64725 100.0 5.0
End
Frame 65
plane0 219.04118 100.0 5.0
plane1 229.04118 100.0 5.0
plane2 239.04118 100.0 5.0
plane40 215.28586 100.0 5.0
plane41 225.28586 100.0 5.0
plane42 235.28586 100.0 5.0
End
Frame 66
plane0 298.2149 100.0 5.0
plane1 308.2149 100.0 5.0
plane2 318.2149 100.0 5.0
plane40 154.62662 100.0 5.0
plane41 164.62662 100.0 5.0
plane42 174.62662 100.0 5.0
End
Frame 67
plane0 389.93466 100.0 5.0
plane1 399.93466 100.0 5.0
plane2 409.93466 100.0 5.0
plane40 115.441 100.0 5.0
plane41 125.441 100.0 5.0
plane42 135.44101 100.0 5.0
End
Frame 68
plane0 488.49774 100.0 5.0
plane1 498.49774 100.0 5.0
plane2 508.49774 100.0 5.0
plane40 100.16541 100.0 5.0
plane41 110.16541 100.0 5.0
plane42 120.16541 100.0 5.0
End
Frame 69
plane0 587.776 100.0 5.0
plane1 597.776 100.0 5.0
plane2 607.776 100.0 5.0
plane40 109.749596 100.0 5.0
plane41 119.749596 100.0 5.0
plane42 129.7496 100.0 5.0
End
Frame 70
plane0 681.59674 100.0 5.0
plane1 691.59674 100.0 5.0
plane2 701.59674 100.0 5.0
plane40 143.59767 100.0 5.0
plane41 153.59767 100.0 5.0
plane42 163.59767 100.0 5.0
End
Frame 71
plane0 764.1267 100.0 5.0
plane1 774.1267 100.0 5.0
plane2 784.1267 100.0 5.0
plane40 199.6051 100.0 5.0
plane41 209.6051 100.0 5.0
plane42 219.6051 100.0 5.0
End
Frame 72
plane0 830.2345 100.0 5.0
plane1 840.2345 100.0 5.0
plane2 850.2345 100.0 5.0
plane40 274.28964 100.0 5.0
plane41 284.28964 100.0 5.0
plane42 294.28964 100.0 5.0
End
Frame 73
plane0 875.80994 100.0 5.0
plane1 885.80994 100.0 5.0
plane2 895.80994 100.0 5.0
plane40 363.00775 100.0 5.0
plane41 373.00775 100.0 5.0
plane42 383.00775 100.0 5.0
End
Frame 74
plane0 898.01935 100.0 5.0
plane1 908.01935 100.0 5.0
plane2 918.01935 100.0 5.0
plane40 460.24338 100.0 5.0
plane41 470.24338 100.0 5.0
plane42 480.24338 100.0 5.0
End
Frame 75
plane0 895.4819 100.0 5.0
plane1 905.4819 100.0 5.0
plane2 915.4819 100.0 5.0
plane40 559.95087 100.0 5.0
plane41 569.95087 100.0 5.0
plane42 579.95087 100.0 5.0
End
Frame 76
plane0 868.35516 100.0 5.0
plane1 878.35516 100.0 5.0
plane2 888.35516 100.0 5.0
plane40 655.9309 100.0 5.0
plane41 665.9309 100.0 5.0
plane42 675.9309 100.0 5.0
End
Frame 77
plane0 818.326 100.0 5.0
plane1 828.326 100.0 5.0
plane2 838.326 100.0 5.0
plane40 742.21594 100.0 5.0
plane41 752.21594 100.0 5.0
plane42 762.21594 100.0 5.0
End
Frame 78
plane0 748.5048 100.0 5.0
plane1 758.5048 100.0 5.0
plane2 768.5048 100.0 5.0
plane40 813.44116 100.0 5.0
plane41 823.44116 100.0 5.0
plane42 833.44116 100.0 5.0
End
Frame 79
plane0 663.23285 100.0 5.0
plane1 673.23285 100.0 5.0
plane2 683.23285 100.0 5.0
plane40 865.1781 100.0 5.0
plane41 875.1781 100.0 5.0
plane42 885.1781 100.0 5.0
End
Frame 80
plane0 567.8118 100.0 5.0
plane1 577.8118 100.0 5.0
plane2 587.8118 100.0 5.0
plane40 894.21 100.0 5.0
plane41 904.21 100.0 5.0
plane42 914.21 100.0 5.0
End
Frame 81
plane0 468.17456 100.0 5.0
plane1 478.17456 100.0 5.0
plane2 488.17456 100.0 5.0
plane40 898.73193 100.0 5.0
plane41 908.73193 100.0 5.0
plane42 918.73193 100.0 5.0
End
Frame 82
plane0 370.51608 100.0 5.0
plane1 380.51608 100.0 5.0
plane2 390.51608 100.0 5.0
plane40 878.4626 100.0 5.0
plane41 888.4626 100.0 5.0
plane42 898.4626 100.0 5.0
End
Frame 83
plane0 280.9083 100.0 5.0
plane1 290.9083 100.0 5.0
plane2 300.9083 100.0 5.0
plane40 834.66223 100.0 5.0
plane41 844.66223 100.0 5.0
plane42 854.66223 100.0 5.0
End
Frame 84
plane0 204.92256 100.0 5.0
plane1 214.92256 100.0 5.0
plane2 224.92256 100.0 5.0
plane40 770.05426 100.0 5.0
plane41 780.05426 100.0 5.0
plane42 790.05426 100.0 5.0
End
Frame 85
plane0 147.28331 100.0 5.0
plane1 157.28331 100.0 5.0
plane2 167.28331 100.0 5.0
plane40 688.6556 100.0 5.0
plane41 698.6556 100.0 5.0
plane42 708.6556 100.0 5.0
End
Frame 86
plane0 111.57427 100.0 5.0
plane1 121.57427 100.0 5.0
plane2 131.57428 100.0 5.0
plane40 595.5272 100.0 5.0
plane41 605.5272 100.0 5.0
plane42 615.5272 100.0 5.0
End
Frame 87
plane0 100.01567 100.0 5.0
plane1 110.01567 100.0 5.0
plane2 120.01567 100.0 5.0
plane40 496.45947 100.0 5.0
plane41 506.45947 100.0 5.0
plane42 516.4595 100.0 5.0
End
Frame 88
plane0 113.32616 100.0 5.0
plane1 123.32616 100.0 5.0
plane2 133.32616 100.0 5.0
plane40 397.61185 100.0 5.0
plane41 407.61185 100.0 5.0
plane42 417.61185 100.0 5.0
End
Frame 89
plane0 150.67815 100.0 5.0
plane1 160.67815 100.0 5.0
plane2 170.67815 100.0 5.0
plane40 305.1302 100.0 5.0
plane41 315.1302 100.0 5.0
plane42 325.1302 100.0 5.0
End
Frame 90
plane0 209.74928 100.0 5.0
plane1 219.74928 100.0 5.0
plane2 229.74928 100.0 5.0
plane40 224.76462 100.0 5.0
plane41 234.76462 100.0 5.0
plane42 244.76462 100.0 5.0
End
Frame 91
plane0 286.8668 100.0 5.0
plane1 296.8668 100.0 5.0
plane2 306.8668 100.0 5.0
plane40 161.51184 100.0 5.0
plane41 171.51184 100.0 5.0
plane42 181.51184 100.0 5.0
End
Frame 92
plane0 377.2359 100.0 5.0
plane1 387.2359 100.0 5.0
plane2 397.2359 100.0 5.0
plane40 119.30462 100.0 5.0
plane41 129.30461 100.0 5.0
plane42 139.30461 100.0 5.0
End
Frame 93
plane0 475.23788 100.0 5.0
plane1 485.23788 100.0 5.0
plane2 495.23788 100.0 5.0
plane40 100.76719 100.0 5.0
plane41 110.76719 100.0 5.0
plane42 120.76719 100.0 5.0
End
Frame 94
plane0 574.7795 100.0 5.0
plane1 584.7795 100.0 5.0
plane2 594.7795 100.0 5.0
plane40 107.052124 100.0 5.0
plane41 117.052124 100.0 5.0
plane42 127.052124 100.0 5.0
End
Frame 95
plane0 669.67163 100.0 5.0
plane1 679.67163 100.0 5.0
plane2 689.67163 100.0 5.0
plane40 137.76866 100.0 5.0
plane41 147.76866 100.0 5.0
plane42 157.76866 100.0 5.0
End
Frame 96
plane0 754.0144 100.0 5.0
plane1 764.0144 100.0 5.0
plane2 774.0144 100.0 5.0
plane40 191.00697 100.0 5.0
plane41 201.00697 100.0 5.0
plane42 211.00697 100.0 5.0
End
Frame 97
plane0 822.5638 100.0 5.0
plane1 832.5638 100.0 5.0
plane2 842.5638 100.0 5.0
plane40 263.457 100.0 5.0
plane41 273.457 100.0 5.0
plane42 283.457 100.0 5.0
End
Frame 98
plane0 871.05774 100.0 5.0
plane1 881.05774 100.0 5.0
plane2 891.05774 100.0 5.0
plane40 350.6141 100.0 5.0
plane41 360.6141 100.0 5.0
plane42 370.6141 100.0 5.0
End
Frame 99
plane0 896.48114 100.0 5.0
plane1 906.48114 100.0 5.0
plane2 916.48114 100.0 5.0
plane40 447.0593 100.0 5.0
plane41 457.0593 100.0 5.0
plane42 467.0593 100.0 5.0
End
Frame 100
plane0 897.25323 100.0 5.0
plane1 907.25323 100.0 5.0
plane2 917.25323 100.0 5.0
plane40 546.7961 100.0 5.0
plane41 556.7961 100.0 5.0
plane42 566.7961 100.0 5.0
End
Frame 101
plane0 873.32605 100.0 5.0
plane1 883.32605 100.0 5.0
plane2 893.32605 100.0 5.0
plane40 643.62335 100.0 5.0
plane41 653.62335 100.0 5.0
plane42 663.62335 100.0 5.0
End
Frame 102
plane0 826.18726 100.0 5.0
plane1 836.18726 100.0 5.0
plane2 846.18726 100.0 5.0
plane40 731.52075 100.0 5.0
plane41 741.52075 100.0 5.0
plane42 751.52075 100.0 5.0
End
Frame 103
plane0 758.7677 100.0 5.0
plane1 768.7677 100.0 5.0
plane2 778.7677 100.0 5.0
plane40 805.0234 100.0 5.0
plane41 815.0234 100.0 5.0
plane42 825.0234 100.0 5.0
End
Frame 104
plane0 675.2593 100.0 5.0
plane1 685.2593 100.0 5.0
plane2 695.2593 100.0 5.0
plane40 859.5611 100.0 5.0
plane41 869.5611 100.0 5.0
plane42 879.5611 100.0 5.0
End
Frame 105
plane0 580.85406 100.0 5.0
plane1 590.85406 100.0 5.0
plane2 600.85406 100.0 5.0
plane40 891.74304 100.0 5.0
plane41 901.74304 100.0 5.0
plane42 911.74304 100.0 5.0
End
Frame 106
plane0 481.42172 100.0 5.0
plane1 491.42172 100.0 5.0
plane2 501.42172 100.0 5.0
plane40 899.5683 100.0 5.0
plane41 909.5683 100.0 5.0
plane42 919.5683 100.0 5.0
End
Frame 107
plane0 383.14447 100.0 5.0
plane1 393.14447 100.0 5.0
plane2 403.14447 100.0 5.0
plane40 882.55035 100.0 5.0
plane41 892.55035 100.0 5.0
plane42 902.55035 100.0 5.0
End
Frame 108
plane0 292.13275 100.0 5.0
plane1 302.13275 100.0 5.0
plane2 312.13275 100.0 5.0
plane40 841.7473 100.0 5.0
plane41 851.7473 100.0 5.0
plane42 861.7473 100.0 5.0
End
Frame 109
plane0 214.04521 100.0 5.0
plane1 224.04521 100.0 5.0
plane2 234.04521 100.0 5.0
plane40 779.696 100.0 5.0
plane41 789.696 100.0 5.0
plane42 799.696 100.0 5.0
End
Frame 110
plane0 153.73695 100.0 5.0
plane1 163.73695 100.0 5.0
plane2 173.73695 100.0 5.0
plane40 700.2546 100.0 5.0
plane41 710.2546 100.0 5.0
plane42 720.2546 100.0 5.0
End
Frame 111
plane0 114.95766 100.0 5.0
plane1 124.95766 100.0 5.0
plane2 134.95766 100.0 5.0
plane40 608.3623 100.0 5.0
plane41 618.3623 100.0 5.0
plane42 628.3623 100.0 5.0
End
Frame 112
plane0 100.11842 100.0 5.0
plane1 110.11842 100.0 5.0
plane2 120.11842 100.0 5.0
plane40 509.7326 100.0 5.0
plane41 519.7326 100.0 5.0
plane42 529.7326 100.0 5.0
End
Frame 113
plane0 110.14189 100.0 5.0
plane1 120.14189 100.0 5.0
plane2 130.14189 100.0 5.0
plane40 410.49774 100.0 5.0
plane41 420.49774 100.0 5.0
plane42 430.49774 100.0 5.0
End
Frame 114
plane0 144.40485 100.0 5.0
plane1 154.40485 100.0 5.0
plane2 164.40485 100.0 5.0
plane40 316.8277 100.0 5.0
plane41 326.8277 100.0 5.0
plane42 336.8277 100.0 5.0
End
Frame 115
plane0 200.777 100.0 5.0
plane1 210.777 100.0 5.0
plane2 220.777 100.0 5.0
plane40 234.54645 100.0 5.0
plane41 244.54645 100.0 5.0
plane42 254.54645 100.0 5.0
End
Frame 116
plane0 275.75336 100.0 5.0
plane1 285.75336 100.0 5.0
plane2 295.75336 100.0 5.0
plane40 168.76979 100.0 5.0
plane41 178.76979 100.0 5.0
plane42 188.76979 100.0 5.0
End
Frame 117
plane0 364.6723 100.0 5.0
plane1 374.6723 100.0 5.0
plane2 384.6723 100.0 5.0
plane40 123.58743 100.0 5.0
plane41 133.58743 100.0 5.0
plane42 143.58743 100.0 5.0
End
Frame 118
plane0 462.00528 100.0 5.0
plane1 472.00528 100.0 5.0
plane2 482.00528 100.0 5.0
plane40 101.808586 100.0 5.0
plane41 111.808586 100.0 5.0
plane42 121.808586 100.0 5.0
End
Frame 119
plane0 561.70056 100.0 5.0
plane1 571.70056 100.0 5.0
plane2 581.70056 100.0 5.0
plane40 104.78735 100.0 5.0
plane41 114.78735 100.0 5.0
plane42 124.78735 100.0 5.0
End
Frame 120
plane0 657.55963 100.0 5.0
plane1 667.55963 100.0 5.0
plane2 677.55963 100.0 5.0
plane40 132.33852 100.0 5.0
plane41 142.33852 100.0 5.0
plane42 152.33852 100.0 5.0
End
Frame 121
plane0 743.6224 100.0 5.0
plane1 753.6224 100.0 5.0
plane2 763.6224 100.0 5.0
plane40 182.7491 100.0 5.0
plane41 192.7491 100.0 5.0
plane42 202.7491 100.0 5.0
End
Frame 122
plane0 814.5379 100.0 5.0
plane1 824.5379 100.0 5.0
plane2 834.5379 100.0 5.0
plane40 252.88481 100.0 5.0
plane41 262.8848 100.0 5.0
plane42 272.8848 100.0 5.0
End
Frame 123
plane0 865.897 100.0 5.0
plane1 875.897 100.0 5.0
plane2 885.897 100.0 5.0
plane40 338.38495 100.0 5.0
plane41 348.38495 100.0 5.0
plane42 358.38495 100.0 5.0
End
Frame 124
plane0 894.5063 100.0 5.0
plane1 904.5063 100.0 5.0
plane2 914.5063 100.0 5.0
plane40 433.9335 100.0 5.0
plane41 443.9335 100.0 5.0
plane42 453.9335 100.0 5.0
End
Frame 125
plane0 898.58716 100.0 5.0
plane1 908.58716 100.0 5.0
plane2 918.58716 100.0 5.0
plane40 533.5898 100.0 5.0
plane41 543.5898 100.0 5.0
plane42 553.5898 100.0 5.0
End
Frame 126
plane0 877.8858 100.0 5.0
plane1 887.8858 100.0 5.0
plane2 897.8858 100.0 5.0
plane40 631.1576 100.0 5.0
plane41 641.1576 100.0 5.0
plane42 651.1576 100.0 5.0
End
Frame 127
plane0 833.68933 100.0 5.0
plane1 843.68933 100.0 5.0
plane2 853.68933 100.0 5.0
plane40 720.5707 100.0 5.0
plane41 730.5707 100.0 5.0
plane42 740.5707 100.0 5.0
End
Frame 128
plane0 768.74567 100.0 5.0
plane1 778.74567 100.0 5.0
plane2 788.74567 100.0 5.0
plane40 796.2697 100.0 5.0
plane41 806.2697 100.0 5.0
plane42 816.2697 100.0 5.0
End
Frame 129
plane0 687.0927 100.0 5.0
plane1 697.0927 100.0 5.0
plane2 707.0927 100.0 5.0
plane40 853.54816 100.0 5.0
plane41 863.54816 100.0 5.0
plane42 873.54816 100.0 5.0
End
Frame 130
plane0 593.80725 100.0 5.0
plane1 603.80725 100.0 5.0
plane2 613.80725 100.0 5.0
plane40 888.8447 100.0 5.0
plane41 898.8447 100.0 5.0
plane42 908.8447 100.0 5.0
End
Frame 131
plane0 494.6893 100.0 5.0
plane1 504.6893 100.0 5.0
plane2 514.68933 100.0 5.0
plane40 899.9647 100.0 5.0
plane41 909.9647 100.0 5.0
plane42 919.9647 100.0 5.0
End
Frame 132
plane0 395.90155 100.0 5.0
plane1 405.90155 100.0 5.0
plane2 415.90155 100.0 5.0
plane40 886.2169 100.0 5.0
plane41 896.2169 100.0 5.0
plane42 906.2169 100.0 5.0
End
Frame 133
plane0 303.58612 100.0 5.0
plane1 313.58612 100.0 5.0
plane2 323.58612 100.0 5.0
plane40 848.456 100.0 5.0
plane41 858.456 100.0 5.0
plane42 868.456 100.0 5.0
End
Frame 134
plane0 223.48274 100.0 5.0
plane1 233.48274 100.0 5.0
plane2 243.48274 100.0 5.0
plane40 789.0298 100.0 5.0
plane41 799.0298 100.0 5.0
plane42 809.0298 100.0 5.0
End
Frame 135
plane0 160.57188 100.0 5.0
plane1 170.57188 100.0 5.0
plane2 180.57188 100.0 5.0
plane40 711.63306 100.0 5.0
plane41 721.63306 100.0 5.0
plane42 731.63306 100.0 5.0
End
Frame 136
plane0 118.76503 100.0 5.0
plane1 128.76503 100.0 5.0
plane2 138.76503 100.0 5.0
plane40 621.07806 100.0 5.0
plane41 631.07806 100.0 5.0
plane42 641.07806 100.0 5.0
End
Frame 137
plane0 100.66151 100.0 5.0
plane1 110.66151 100.0 5.0
plane2 120.66151 100.0 5.0
plane40 522.995 100.0 5.0
plane41 532.995 100.0 5.0
plane42 542.995 100.0 5.0
End
Frame 138
plane0 107.386925 100.0 5.0
plane1 117.386925 100.0 5.0
plane2 127.386925 100.0 5.0
plane40 423.4822 100.0 5.0
plane41 433.4822 100.0 5.0
plane42 443.4822 100.0 5.0
End
Frame 139
plane0 138.52312 100.0 5.0
plane1 148.52312 100.0 5.0
plane2 158.52312 100.0 5.0
plane40 328.72693 100.0 5.0
plane41 338.72693 100.0 5.0
plane42 348.72693 100.0 5.0
End
Frame 140
plane0 192.1342 100.0 5.0
plane1 202.1342 100.0 5.0
plane2 212.1342 100.0 5.0
plane40 244.62059 100.0 5.0
plane41 254.62059 100.0 5.0
plane42 264.62057 100.0 5.0
End
Frame 141
plane0 264.88687 100.0 5.0
plane1 274.88687 100.0 5.0
plane2 284.88687 100.0 5.0
plane40 176.39249 100.0 5.0
plane41 186.39249 100.0 5.0
plane42 196.39249 100.0 5.0
End
Frame 142
plane0 352.25775 100.0 5.0
plane1 362.25775 100.0 5.0
plane2 372.25775 100.0 5.0
plane40 128.28474 100.0 5.0
plane41 138.28474 100.0 5.0
plane42 148.28474 100.0 5.0
End
Frame 143
plane0 448.8145 100.0 5.0
plane1 458.8145 100.0 5.0
plane2 468.8145 100.0 5.0
plane40 103.28846 100.0 5.0
plane41 113.28846 100.0 5.0
plane42 123.28846 100.0 5.0
End
Frame 144
plane0 548.5538 100.0 5.0
plane1 558.5538 100.0 5.0
plane2 568.5538 100.0 5.0
plane40 102.95777 100.0 5.0
plane41 112.95777 100.0 5.0
plane42 122.95777 100.0 5.0
End
Frame 145
plane0 645.2742 100.0 5.0
plane1 655.2742 100.0 5.0
plane2 665.2742 100.0 5.0
plane40 127.31325 100.0 5.0
plane41 137.31325 100.0 5.0
plane42 147.31325 100.0 5.0
End
Frame 146
plane0 732.9621 100.0 5.0
plane1 742.9621 100.0 5.0
plane2 752.9621 100.0 5.0
plane40 174.84058 100.0 5.0
plane41 184.84058 100.0 5.0
plane42 194.84058 100.0 5.0
End
Frame 147
plane0 806.16565 100.0 5.0
plane1 816.16565 100.0 5.0
plane2 826.16565 100.0 5.0
plane40 242.58475 100.0 5.0
plane41 252.58475 100.0 5.0
plane42 262.58475 100.0 5.0
End
Frame 148
plane0 860.33325 100.0 5.0
plane1 870.33325 100.0 5.0
plane2 880.33325 100.0 5.0
plane40 326.33374 100.0 5.0
plane41 336.33374 100.0 5.0
plane42 346.33374 100.0 5.0
End
Frame 149
plane0 892.09705 100.0 5.0
plane1 902.09705 100.0 5.0
plane2 912.09705 100.0 5.0
plane40 420.8805 100.0 5.0
plane41 430.8805 100.0 5.0
plane42 440.8805 100.0 5.0
End
Frame 150
plane0 899.4822 100.0 5.0
plane1 909.4822 100.0 5.0
plane2 919.4822 100.0 5.0
plane40 520.3465 100.0 5.0
plane41 530.3465 100.0 5.0
plane42 540.3465 100.0 5.0
End
Frame 151
plane0 882.0295 100.0 5.0
plane1 892.0295 100.0 5.0
plane2 902.0295 100.0 5.0
plane40 618.5474 100.0 5.0
plane41 628.5474 100.0 5.0
plane42 638.5474 100.0 5.0
End
Frame 152
plane0 840.824 100.0 5.0
plane1 850.824 100.0 5.0
plane2 860.824 100.0 5.0
plane40 709.3777 100.0 5.0
plane41 719.3777 100.0 5.0
plane42 729.3777 100.0 5.0
End
Frame 153
plane0 778.42773 100.0 5.0
plane1 788.42773 100.0 5.0
plane2 798.42773 100.0 5.0
plane40 787.1898 100.0 5.0
plane41 797.1898 100.0 5.0
plane42 807.1898 100.0 5.0
End
Frame 154
plane0 698.72015 100.0 5.0
plane1 708.72015 100.0 5.0
plane2 718.72015 100.0 5.0
plane40 847.14594 100.0 5.0
plane41 857.14594 100.0 5.0
plane42 867.14594 100.0 5.0
End
Frame 155
plane0 606.65717 100.0 5.0
plane1 616.65717 100.0 5.0
plane2 626.65717 100.0 5.0
plane40 885.5181 100.0 5.0
plane41 895.5181 100.0 5.0
plane42 905.5181 100.0 5.0
End
Frame 156
plane0 507.96274 100.0 5.0
plane1 517.96277 100.0 5.0
plane2 527.96277 100.0 5.0
plane40 899.9207 100.0 5.0
plane41 909.9207 100.0 5.0
plane42 919.9207 100.0 5.0
End
Frame 157
plane0 408.77322 100.0 5.0
plane1 418.77322 100.0 5.0
plane2 428.77322 100.0 5.0
plane40 889.4582 100.0 5.0
plane41 899.4582 100.0 5.0
plane42 909.4582 100.0 5.0
End
Frame 158
plane0 315.25574 100.0 5.0
plane1 325.25574 100.0 5.0
plane2 335.25574 100.0 5.0
plane40 854.781 100.0 5.0
plane41 864.781 100.0 5.0
plane42 874.781 100.0 5.0
End
Frame 159
plane0 233.22478 100.0 5.0
plane1 243.22478 100.0 5.0
plane2 253.22478 100.0 5.0
plane40 798.0453 100.0 5.0
plane41 808.0453 100.0 5.0
plane42 818.0453 100.0 5.0
End
Frame 160
plane0 167.7806 100.0 5.0
plane1 177.7806 100.0 5.0
plane2 187.7806 100.0 5.0
plane40 722.7785 100.0 5.0
plane41 732.7785 100.0 5.0
plane42 742.7785 100.0 5.0
End
Frame 161
plane0 122.9922 100.0 5.0
plane1 132.9922 100.0 5.0
plane2 142.9922 100.0 5.0
plane40 633.66046 100.0 5.0
plane41 643.66046 100.0 5.0
plane42 653.66046 100.0 5.0
End
Frame 162
plane0 101.64433 100.0 5.0
plane1 111.64433 100.0 5.0
plane2 121.64433 100.0 5.0
plane40 536.23206 100.0 5.0
plane41 546.23206 100.0 5.0
plane42 556.23206 100.0 5.0
End
Frame 163
plane0 105.064285 100.0 5.0
plane1 115.064285 100.0 5.0
plane2 125.064285 100.0 5.0
plane40 436.55093 100.0 5.0
plane41 446.55093 100.0 5.0
plane42 456.55093 100.0 5.0
End
Frame 164
plane0 133.03943 100.0 5.0
plane1 143.03943 100.0 5.0
plane2 153.03943 100.0 5.0
plane40 340.81476 100.0 5.0
plane41 350.81476 100.0 5.0
plane42 360.81476 100.0 5.0
End
Frame 165
plane0 183.83041 100.0 5.0
plane1 193.83041 100.0 5.0
plane2 203.83041 100.0 5.0
plane40 254.97594 100.0 5.0
plane41 264.97595 100.0 5.0
plane42 274.97595 100.0 5.0
End
Frame 166
plane0 254.27928 100.0 5.0
plane1 264.27927 100.0 5.0
plane2 274.27927 100.0 5.0
plane40 184.37154 100.0 5.0
plane41 194.37154 100.0 5.0
plane42 204.37154 100.0 5.0
End
Frame 167
plane0 340.00586 100.0 5.0
plane1 350.00586 100.0 5.0
plane2 360.00586 100.0 5.0
plane40 133.39139 100.0 5.0
plane41 143.39139 100.0 5.0
plane42 153.39139 100.0 5.0
End
Frame 168
plane0 435.6801 100.0 5.0
plane1 445.6801 100.0 5.0
plane2 455.6801 100.0 5.0
plane40 105.20518 100.0 5.0
plane41 115.20518 100.0 5.0
plane42 125.20518 100.0 5.0
End
Frame 169
plane0 535.35345 100.0 5.0
plane1 545.35345 100.0 5.0
plane2 555.35345 100.0 5.0
plane40 101.5654 100.0 5.0
plane41 111.5654 100.0 5.0
plane42 121.5654 100.0 5.0
End
Frame 170
plane0 632.82874 100.0 5.0
plane1 642.82874 100.0 5.0
plane2 652.82874 100.0 5.0
plane40 122.69836 100.0 5.0
plane41 132.69835 100.0 5.0
plane42 142.69835 100.0 5.0
End
Frame 171
plane0 722.04535 100.0 5.0
plane1 732.04535 100.0 5.0
plane2 742.04535 100.0 5.0
plane40 167.2901 100.0 5.0
plane41 177.2901 100.0 5.0
plane42 187.2901 100.0 5.0
End
Frame 172
plane0 797.45624 100.0 5.0
plane1 807.45624 100.0 5.0
plane2 817.45624 100.0 5.0
plane40 232.56815 100.0 5.0
plane41 242.56815 100.0 5.0
plane42 252.56815 100.0 5.0
End
Frame 173
plane0 854.37274 100.0 5.0
plane1 864.37274 100.0 5.0
plane2 874.37274 100.0 5.0
plane40 314.4738 100.0 5.0
plane41 324.4738 100.0 5.0
plane42 334.4738 100.0 5.0
End
Frame 174
plane0 889.25604 100.0 5.0
plane1 899.25604 100.0 5.0
plane2 909.25604 100.0 5.0
plane40 407.91458 100.0 5.0
plane41 417.91458 100.0 5.0
plane42 427.91458 100.0 5.0
End
Frame 175
plane0 899.9373 100.0 5.0
plane1 909.9373 100.0 5.0
plane2 919.9373 100.0 5.0
plane40 507.08078 100.0 5.0
plane41 517.08075 100.0 5.0
plane42 527.08075 100.0 5.0
End
Frame 176
plane0 885.75244 100.0 5.0
plane1 895.75244 100.0 5.0
plane2 905.75244 100.0 5.0
plane40 605.8067 100.0 5.0
plane41 615.8067 100.0 5.0
plane42 625.8067 100.0 5.0
End
Frame 177
plane0 847.5833 100.0 5.0
plane1 857.5833 100.0 5.0
plane2 867.5833 100.0 5.0
plane40 697.9541 100.0 5.0
plane41 707.9541 100.0 5.0
plane42 717.9541 100.0 5.0
End
Frame 178
plane0 787.80316 100.0 5.0
plane1 797.80316 100.0 5.0
plane2 807.80316 100.0 5.0
plane40 777.7937 100.0 5.0
plane41 787.7937 100.0 5.0
plane42 797.7937 100.0 5.0
End
Frame 179
plane0 710.1288 100.0 5.0
plane1 720.1288 100.0 5.0
plane2 730.1288 100.0 5.0
plane40 840.3614 100.0 5.0
plane41 850.3614 100.0 5.0
plane42 860.3614 100.0 5.0
End
Frame 180
plane0 619.38965 100.0 5.0
plane1 629.38965 100.0 5.0
plane2 639.38965 100.0 5.0
plane40 881.7671 100.0 5.0
plane41 891.7671 100.0 5.0
plane42 901.7671 100.0 5.0
End
Frame 181
plane0 521.2274 100.0 5.0
plane1 531.2274 100.0 5.0
plane2 541.2274 100.0 5.0
plane40 899.43634 100.0 5.0
plane41 909.43634 100.0 5.0
plane42 919.43634 100.0 5.0
End
Frame 182
plane0 421.74536 100.0 5.0
plane1 431.74536 100.0 5.0
plane2 441.74536 100.0 5.0
plane40 892.27057 100.0 5.0
plane41 902.27057 100.0 5.0
plane42 912.27057 100.0 5.0
End
Frame 183
plane0 327.1288 100.0 5.0
plane1 337.1288 100.0 5.0
plane2 347.1288 100.0 5.0
plane40 860.71533 100.0 5.0
plane41 870.71533 100.0 5.0
plane42 880.71533 100.0 5.0
End
Frame 184
plane0 243.26056 100.0 5.0
plane1 253.26056 100.0 5.0
plane2 263.26056 100.0 5.0
plane40 806.73254 100.0 5.0
plane41 816.73254 100.0 5.0
plane42 826.73254 100.0 5.0
End
Frame 185
plane0 175.35512 100.0 5.0
plane1 185.35512 100.0 5.0
plane2 195.35512 100.0 5.0
plane40 733.67865 100.0 5.0
plane41 743.67865 100.0 5.0
plane42 753.67865 100.0 5.0
End
Frame 186
plane0 127.63453 100.0 5.0
plane1 137.63452 100.0 5.0
plane2 147.63452 100.0 5.0
plane40 646.0957 100.0 5.0
plane41 656.0957 100.0 5.0
plane42 666.0957 100.0 5.0
End
Frame 187
plane0 103.06581 100.0 5.0
plane1 113.06581 100.0 5.0
plane2 123.06581 100.0 5.0
plane40 549.42926 100.0 5.0
plane41 559.42926 100.0 5.0
plane42 569.42926 100.0 5.0
End
Frame 188
plane0 103.176544 100.0 5.0
plane1 113.176544 100.0 5.0
plane2 123.176544 100.0 5.0
plane40 449.6895 100.0 5.0
plane41 459.6895 100.0 5.0
plane42 469.6895 100.0 5.0
End
Frame 189
plane0 127.95983 100.0 5.0
plane1 137.95984 100.0 5.0
plane2 147.95984 100.0 5.0
plane40 353.07785 100.0 5.0
plane41 363.07785 100.0 5.0
plane42 373.07785 100.0 5.0
End
Frame 190
plane0 175.87479 100.0 5.0
plane1 185.87479 100.0 5.0
plane2 195.87479 100.0 5.0
plane40 265.6011 100.0 5.0
plane41 275.6011 100.0 5.0
plane42 285.6011 100.0 5.0
End
Frame 191
plane0 243.94226 100.0 5.0
plane1 253.94226 100.0 5.0
plane2 263.94226 100.0 5.0
plane40 192.69814 100.0 5.0
plane41 202.69814 100.0 5.0
plane42 212.69814 100.0 5.0
End
Frame 192
plane0 327.93018 100.0 5.0
plane1 337.93018 100.0 5.0
plane2 347.93018 100.0 5.0
plane40 138.9017 100.0 5.0
plane41 148.9017 100.0 5.0
plane42 158.9017 100.0 5.0
End
Frame 193
plane0 422.61655 100.0 5.0
plane1 432.61655 100.0 5.0
plane2 442.61655 100.0 5.0
plane40 107.556625 100.0 5.0
plane41 117.556625 100.0 5.0
plane42 127.556625 100.0 5.0
End
Frame 194
plane0 522.11426 100.0 5.0
plane1 532.11426 100.0 5.0
plane2 542.11426 100.0 5.0
plane40 100.61177 100.0 5.0
plane41 110.61177 100.0 5.0
plane42 120.61177 100.0 5.0
End
Frame 195
plane0 620.237 100.0 5.0
plane1 630.237 100.0 5.0
plane2 640.237 100.0 5.0
plane40 118.49894 100.0 5.0
plane41 128.49893 100.0 5.0
plane42 138.49893 100.0 5.0
End
Frame 196
plane0 710.88403 100.0 5.0
plane1 720.88403 100.0 5.0
plane2 730.88403 100.0 5.0
plane40 160.106 100.0 5.0
plane41 170.106 100.0 5.0
plane42 180.106 100.0 5.0
End
Frame 197
plane0 788.41925 100.0 5.0
plane1 798.41925 100.0 5.0
plane2 808.41925 100.0 5.0
plane40 222.84602 100.0 5.0
plane41 232.84602 100.0 5.0
plane42 242.84602 100.0 5.0
End
Frame 198
plane0 848.022 100.0 5.0
plane1 858.022 100.0 5.0
plane2 868.022 100.0 5.0
plane40 302.81815 100.0 5.0
plane41 312.81815 100.0 5.0
plane42 322.81815 100.0 5.0
End
Frame 199
plane0 885.9864 100.0 5.0
plane1 895.9864 100.0 5.0
plane2 905.9864 100.0 5.0
plane40 395.05005 100.0 5.0
plane41 405.05005 100.0 5.0
plane42 415.05005 100.0 5.0
End
